3 3
4.0000000000000000 1.0000000000000000 1.0000000000000000 
0.0000000000000000
0.0000000000000000 0.0000000000000000 0.0000000000000000 0.0000000000000000 0.0000000000000000 0.0000000000000000 
1.0000000000000000 0.0000000000000000 0.0000000000000000 0.0000000000000000 5.0000000000000000 0.0000000000000000 
-1.0000000000000000 0.0000000000000000 0.0000000000000000 0.0000000000000000 -5.0000000000000000 0.0000000000000000 
0.0800000000000000
0.0000000000000000 0.0000000000000000 0.0000000000000000 0.0000000000000000 0.0000000000000000 0.0000000000000000 
0.7280000000000000 0.4000000000000000 0.0000000000000000 -3.3999999999999999 5.0000000000000000 0.0000000000000000 
-0.7280000000000000 -0.4000000000000000 0.0000000000000000 3.3999999999999999 -5.0000000000000000 0.0000000000000000 
0.1600000000000000
0.0000000000000000 0.0000000000000000 0.0000000000000000 0.0000000000000000 0.0000000000000000 0.0000000000000000 
0.1105050106116044 0.6101675882481343 0.0000000000000000 -7.7186873673549448 2.6270948531016782 0.0000000000000000 
-0.1105050106116044 -0.6101675882481343 0.0000000000000000 7.7186873673549448 -2.6270948531016782 0.0000000000000000 
0.2400000000000000
0.0000000000000000 0.0000000000000000 0.0000000000000000 0.0000000000000000 0.0000000000000000 0.0000000000000000 
-0.6330506213923025 0.1242751711444463 0.0000000000000000 -9.2944454000488363 -6.0736552137961004 0.0000000000000000 
0.6330506213923025 -0.1242751711444463 0.0000000000000000 9.2944454000488363 6.0736552137961004 0.0000000000000000 
0.3200000000000000
0.0000000000000000 0.0000000000000000 0.0000000000000000 0.0000000000000000 0.0000000000000000 0.0000000000000000 
-0.7353106128949458 -0.4875110098768881 0.0000000000000000 -1.2782498937830418 -7.6473272627666793 0.0000000000000000 
0.7353106128949458 0.4875110098768881 0.0000000000000000 1.2782498937830418 7.6473272627666793 0.0000000000000000 
0.4000000000000000
0.0000000000000000 0.0000000000000000 0.0000000000000000 0.0000000000000000 0.0000000000000000 0.0000000000000000 
-0.5463122129756744 -0.9061928482610490 0.0000000000000000 2.3624799989908922 -5.2335229798020118 0.0000000000000000 
0.5463122129756744 0.9061928482610490 0.0000000000000000 -2.3624799989908922 5.2335229798020118 0.0000000000000000 
0.4800000000000000
0.0000000000000000 0.0000000000000000 0.0000000000000000 0.0000000000000000 0.0000000000000000 0.0000000000000000 
-0.2318868972309484 -1.1168233720290226 0.0000000000000000 3.9303164468090759 -2.6328815470996694 0.0000000000000000 
0.2318868972309484 1.1168233720290226 0.0000000000000000 -3.9303164468090759 2.6328815470996694 0.0000000000000000 
0.5600000000000001
0.0000000000000000 0.0000000000000000 0.0000000000000000 0.0000000000000000 0.0000000000000000 0.0000000000000000 
0.1250391234076268 -1.1227602234939629 0.0000000000000000 4.4615752579821892 -0.0742106433117530 0.0000000000000000 
-0.1250391234076268 1.1227602234939629 0.0000000000000000 -4.4615752579821892 0.0742106433117530 0.0000000000000000 
0.6400000000000000
0.0000000000000000 0.0000000000000000 0.0000000000000000 0.0000000000000000 0.0000000000000000 0.0000000000000000 
0.4583753690413679 -0.9168780831521811 0.0000000000000000 4.1667030704217636 2.5735267542722724 0.0000000000000000 
-0.4583753690413679 0.9168780831521811 0.0000000000000000 -4.1667030704217636 -2.5735267542722724 0.0000000000000000 
0.7200000000000000
0.0000000000000000 0.0000000000000000 0.0000000000000000 0.0000000000000000 0.0000000000000000 0.0000000000000000 
0.6759601294116391 -0.4794608144016778 0.0000000000000000 2.7198095046283899 5.4677158593812916 0.0000000000000000 
-0.6759601294116391 0.4794608144016778 0.0000000000000000 -2.7198095046283899 -5.4677158593812916 0.0000000000000000 
0.7999999999999999
0.0000000000000000 0.0000000000000000 0.0000000000000000 0.0000000000000000 0.0000000000000000 0.0000000000000000 
0.5705169919417307 0.1870812388353346 0.0000000000000000 -1.3180392183738556 8.3317756654626542 0.0000000000000000 
-0.5705169919417307 -0.1870812388353346 0.0000000000000000 1.3180392183738556 -8.3317756654626542 0.0000000000000000 
0.8799999999999999
0.0000000000000000 0.0000000000000000 0.0000000000000000 0.0000000000000000 0.0000000000000000 0.0000000000000000 
-0.2518935493939132 0.6185187254874925 0.0000000000000000 -10.2801317666955487 5.3929685831519745 0.0000000000000000 
0.2518935493939132 -0.6185187254874925 0.0000000000000000 10.2801317666955487 -5.3929685831519745 0.0000000000000000 
0.9599999999999999
0.0000000000000000 0.0000000000000000 0.0000000000000000 0.0000000000000000 0.0000000000000000 0.0000000000000000 
-0.8442867265894924 0.4851539484444329 0.0000000000000000 -7.4049147149447405 -1.6670597130382458 0.0000000000000000 
0.8442867265894924 -0.4851539484444329 0.0000000000000000 7.4049147149447405 1.6670597130382458 0.0000000000000000 
1.0399999999999998
0.0000000000000000 0.0000000000000000 0.0000000000000000 0.0000000000000000 0.0000000000000000 0.0000000000000000 
-1.1879587259608675 0.2088660888952644 0.0000000000000000 -4.2958999921421883 -3.4535982443646058 0.0000000000000000 
1.1879587259608675 -0.2088660888952644 0.0000000000000000 4.2958999921421883 3.4535982443646058 0.0000000000000000 
1.1199999999999999
0.0000000000000000 0.0000000000000000 0.0000000000000000 0.0000000000000000 0.0000000000000000 0.0000000000000000 
-1.3474969171229443 -0.0997960505961298 0.0000000000000000 -1.9942273895259592 -3.8582767436424268 0.0000000000000000 
1.3474969171229443 0.0997960505961298 0.0000000000000000 1.9942273895259592 3.8582767436424268 0.0000000000000000 
1.2000000000000000
0.0000000000000000 0.0000000000000000 0.0000000000000000 0.0000000000000000 0.0000000000000000 0.0000000000000000 
-1.3584586525094975 -0.3974545704802703 0.0000000000000000 -0.1370216923319160 -3.7207314985517570 0.0000000000000000 
1.3584586525094975 0.3974545704802703 0.0000000000000000 0.1370216923319160 3.7207314985517570 0.0000000000000000 
1.2800000000000000
0.0000000000000000 0.0000000000000000 0.0000000000000000 0.0000000000000000 0.0000000000000000 0.0000000000000000 
-1.2391126179140342 -0.6569879559315230 0.0000000000000000 1.4918254324432922 -3.2441673181406587 0.0000000000000000 
1.2391126179140342 0.6569879559315230 0.0000000000000000 -1.4918254324432922 3.2441673181406587 0.0000000000000000 
1.3600000000000001
0.0000000000000000 0.0000000000000000 0.0000000000000000 0.0000000000000000 0.0000000000000000 0.0000000000000000 
-0.9975972706826495 -0.8517461419167643 0.0000000000000000 3.0189418403923081 -2.4344773248155165 0.0000000000000000 
0.9975972706826495 0.8517461419167643 0.0000000000000000 -3.0189418403923081 2.4344773248155165 0.0000000000000000 
1.4400000000000002
0.0000000000000000 0.0000000000000000 0.0000000000000000 0.0000000000000000 0.0000000000000000 0.0000000000000000 
-0.6358618212521076 -0.9438606948065565 0.0000000000000000 4.5216931178817745 -1.1514319111224023 0.0000000000000000 
0.6358618212521076 0.9438606948065565 0.0000000000000000 -4.5216931178817745 1.1514319111224023 0.0000000000000000 
1.5200000000000002
0.0000000000000000 0.0000000000000000 0.0000000000000000 0.0000000000000000 0.0000000000000000 0.0000000000000000 
-0.1567907750351193 -0.8618046115504063 0.0000000000000000 5.9883880777123526 1.0257010407018781 0.0000000000000000 
0.1567907750351193 0.8618046115504063 0.0000000000000000 -5.9883880777123526 -1.0257010407018781 0.0000000000000000 
1.6000000000000003
0.0000000000000000 0.0000000000000000 0.0000000000000000 0.0000000000000000 0.0000000000000000 0.0000000000000000 
0.3857329043123103 -0.4309794643325405 0.0000000000000000 6.7815459918428704 5.3853143402233226 0.0000000000000000 
-0.3857329043123103 0.4309794643325405 0.0000000000000000 -6.7815459918428704 -5.3853143402233226 0.0000000000000000 
1.6800000000000004
0.0000000000000000 0.0000000000000000 0.0000000000000000 0.0000000000000000 0.0000000000000000 0.0000000000000000 
0.3860100202674803 0.6056978951657253 0.0000000000000000 0.0034639494396256 12.9584669937283223 0.0000000000000000 
-0.3860100202674803 -0.6056978951657253 0.0000000000000000 -0.0034639494396256 -12.9584669937283223 0.0000000000000000 
1.7600000000000005
0.0000000000000000 0.0000000000000000 0.0000000000000000 0.0000000000000000 0.0000000000000000 0.0000000000000000 
0.1029180748146896 1.1977338333585126 0.0000000000000000 -3.5386493181598841 7.4004492274098421 0.0000000000000000 
-0.1029180748146896 -1.1977338333585126 0.0000000000000000 3.5386493181598841 -7.4004492274098421 0.0000000000000000 
1.8400000000000005
0.0000000000000000 0.0000000000000000 0.0000000000000000 0.0000000000000000 0.0000000000000000 0.0000000000000000 
-0.1962872766702547 1.6022461357846616 0.0000000000000000 -3.7400668935618038 5.0564037803268631 0.0000000000000000 
0.1962872766702547 -1.6022461357846616 0.0000000000000000 3.7400668935618038 -5.0564037803268631 0.0000000000000000 
1.9200000000000006
0.0000000000000000 0.0000000000000000 0.0000000000000000 0.0000000000000000 0.0000000000000000 0.0000000000000000 
-0.4827994875644083 1.9031473646477943 0.0000000000000000 -3.5814026361769198 3.7612653607891606 0.0000000000000000 
0.4827994875644083 -1.9031473646477943 0.0000000000000000 3.5814026361769198 -3.7612653607891606 0.0000000000000000 
2.0000000000000004
0.0000000000000000 0.0000000000000000 0.0000000000000000 0.0000000000000000 0.0000000000000000 0.0000000000000000 
-0.7519621527710344 2.1356584170432074 0.0000000000000000 -3.3645333150828254 2.9063881549426633 0.0000000000000000 
0.7519621527710344 -2.1356584170432074 0.0000000000000000 3.3645333150828254 -2.9063881549426633 0.0000000000000000 
2.0800000000000005
0.0000000000000000 0.0000000000000000 0.0000000000000000 0.0000000000000000 0.0000000000000000 0.0000000000000000 
-1.0035036178701571 2.3181232481104428 0.0000000000000000 -3.1442683137390341 2.2808103883404431 0.0000000000000000 
1.0035036178701571 -2.3181232481104428 0.0000000000000000 3.1442683137390341 -2.2808103883404431 0.0000000000000000 
2.1600000000000006
0.0000000000000000 0.0000000000000000 0.0000000000000000 0.0000000000000000 0.0000000000000000 0.0000000000000000 
-1.2381101361974287 2.4614678477024188 0.0000000000000000 -2.9325814790908957 1.7918074948997003 0.0000000000000000 
1.2381101361974287 -2.4614678477024188 0.0000000000000000 2.9325814790908957 -1.7918074948997003 0.0000000000000000 
2.2400000000000007
0.0000000000000000 0.0000000000000000 0.0000000000000000 0.0000000000000000 0.0000000000000000 0.0000000000000000 
-1.4566170155937423 2.5728050010829602 0.0000000000000000 -2.7313359924539204 1.3917144172567668 0.0000000000000000 
1.4566170155937423 -2.5728050010829602 0.0000000000000000 2.7313359924539204 -1.3917144172567668 0.0000000000000000 
2.3200000000000007
0.0000000000000000 0.0000000000000000 0.0000000000000000 0.0000000000000000 0.0000000000000000 0.0000000000000000 
-1.6597929746312963 2.6570633354273641 0.0000000000000000 -2.5396994879694237 1.0532291793050481 0.0000000000000000 
1.6597929746312963 -2.6570633354273641 0.0000000000000000 2.5396994879694237 -1.0532291793050481 0.0000000000000000 
2.4000000000000008
0.0000000000000000 0.0000000000000000 0.0000000000000000 0.0000000000000000 0.0000000000000000 0.0000000000000000 
-1.8482866327417911 2.7178176520603627 0.0000000000000000 -2.3561707263811855 0.7594289579124840 0.0000000000000000 
1.8482866327417911 -2.7178176520603627 0.0000000000000000 2.3561707263811855 -0.7594289579124840 0.0000000000000000 
2.4800000000000009
0.0000000000000000 0.0000000000000000 0.0000000000000000 0.0000000000000000 0.0000000000000000 0.0000000000000000 
-2.0226210497005193 2.7577514775096077 0.0000000000000000 -2.1791802119841042 0.4991728181155610 0.0000000000000000 
2.0226210497005193 -2.7577514775096077 0.0000000000000000 2.1791802119841042 -0.4991728181155610 0.0000000000000000 
2.5600000000000009
0.0000000000000000 0.0000000000000000 0.0000000000000000 0.0000000000000000 0.0000000000000000 0.0000000000000000 
-2.1832018519582701 2.7789328771061035 0.0000000000000000 -2.0072600282218853 0.2647674949561966 0.0000000000000000 
2.1832018519582701 -2.7789328771061035 0.0000000000000000 2.0072600282218853 -0.2647674949561966 0.0000000000000000 
2.6400000000000010
0.0000000000000000 0.0000000000000000 0.0000000000000000 0.0000000000000000 0.0000000000000000 0.0000000000000000 
-2.3303277771769091 2.7829879628311311 0.0000000000000000 -1.8390740652329867 0.0506885715628437 0.0000000000000000 
2.3303277771769091 -2.7829879628311311 0.0000000000000000 1.8390740652329867 -0.0506885715628437 0.0000000000000000 
2.7200000000000011
0.0000000000000000 0.0000000000000000 0.0000000000000000 0.0000000000000000 0.0000000000000000 0.0000000000000000 
-2.4641999835862083 2.7712148289080947 0.0000000000000000 -1.6734025801162391 -0.1471641740379582 0.0000000000000000 
2.4641999835862083 -2.7712148289080947 0.0000000000000000 1.6734025801162391 0.1471641740379582 0.0000000000000000 
2.8800000000000012
0.0000000000000000 0.0000000000000000 0.0000000000000000 0.0000000000000000 0.0000000000000000 0.0000000000000000 
-2.6925391900312596 2.7041776759980989 0.0000000000000000 -1.3451271428318474 -0.5060417371155128 0.0000000000000000 
2.6925391900312596 -2.7041776759980989 0.0000000000000000 1.3451271428318474 0.5060417371155128 0.0000000000000000 
2.9600000000000013
0.0000000000000000 0.0000000000000000 0.0000000000000000 0.0000000000000000 0.0000000000000000 0.0000000000000000 
-2.7869703146762501 2.6504583238894508 0.0000000000000000 -1.1803890580623801 -0.6714919013581004 0.0000000000000000 
2.7869703146762501 -2.6504583238894508 0.0000000000000000 1.1803890580623801 0.6714919013581004 0.0000000000000000 
3.1200000000000014
0.0000000000000000 0.0000000000000000 0.0000000000000000 0.0000000000000000 0.0000000000000000 0.0000000000000000 
-2.9356240047076980 2.5054591031219871 0.0000000000000000 -0.8443399001957450 -0.9825988976448226 0.0000000000000000 
2.9356240047076980 -2.5054591031219871 0.0000000000000000 0.8443399001957450 0.9825988976448226 0.0000000000000000 
3.2000000000000015
0.0000000000000000 0.0000000000000000 0.0000000000000000 0.0000000000000000 0.0000000000000000 0.0000000000000000 
-2.9892812931589541 2.4149966127706719 0.0000000000000000 -0.6707161056406979 -1.1307811293914383 0.0000000000000000 
2.9892812931589541 -2.4149966127706719 0.0000000000000000 0.6707161056406979 1.1307811293914383 0.0000000000000000 
3.2800000000000016
0.0000000000000000 0.0000000000000000 0.0000000000000000 0.0000000000000000 0.0000000000000000 0.0000000000000000 
-3.0286116672509569 2.3129596179629734 0.0000000000000000 -0.4916296761500352 -1.2754624350962296 0.0000000000000000 
3.0286116672509569 -2.3129596179629734 0.0000000000000000 0.4916296761500352 1.2754624350962296 0.0000000000000000 
3.3600000000000017
0.0000000000000000 0.0000000000000000 0.0000000000000000 0.0000000000000000 0.0000000000000000 0.0000000000000000 
-3.0530566348939705 2.1995545945678634 0.0000000000000000 -0.3055620955376713 -1.4175627924388756 0.0000000000000000 
3.0530566348939705 -2.1995545945678634 0.0000000000000000 0.3055620955376713 1.4175627924388756 0.0000000000000000 
3.4400000000000017
0.0000000000000000 0.0000000000000000 0.0000000000000000 0.0000000000000000 0.0000000000000000 0.0000000000000000 
-3.0619151992272986 2.0749204493082005 0.0000000000000000 -0.1107320541666019 -1.5579268157457886 0.0000000000000000 
3.0619151992272986 -2.0749204493082005 0.0000000000000000 0.1107320541666019 1.5579268157457886 0.0000000000000000 
3.5200000000000018
0.0000000000000000 0.0000000000000000 0.0000000000000000 0.0000000000000000 0.0000000000000000 0.0000000000000000 
-3.0543147647498223 1.9391327903208238 0.0000000000000000 0.0950054309684506 -1.6973457373422103 0.0000000000000000 
3.0543147647498223 -1.9391327903208238 0.0000000000000000 -0.0950054309684506 1.6973457373422103 0.0000000000000000 
3.6000000000000019
0.0000000000000000 0.0000000000000000 0.0000000000000000 0.0000000000000000 0.0000000000000000 0.0000000000000000 
-3.0291707075915104 1.7922069819868089 0.0000000000000000 0.3143007144788992 -1.8365726041751851 0.0000000000000000 
3.0291707075915104 -1.7922069819868089 0.0000000000000000 -0.3143007144788992 1.8365726041751851 0.0000000000000000 
3.6800000000000019
0.0000000000000000 0.0000000000000000 0.0000000000000000 0.0000000000000000 0.0000000000000000 0.0000000000000000 
-2.9851294655042602 1.6341006658376809 0.0000000000000000 0.5505155260906290 -1.9763289518641018 0.0000000000000000 
2.9851294655042602 -1.6341006658376809 0.0000000000000000 -0.5505155260906290 1.9763289518641018 0.0000000000000000 
3.7600000000000020
0.0000000000000000 0.0000000000000000 0.0000000000000000 0.0000000000000000 0.0000000000000000 0.0000000000000000 
-2.9204868075484733 1.4647168530918389 0.0000000000000000 0.8080332244473371 -2.1172976593230257 0.0000000000000000 
2.9204868075484733 -1.4647168530918389 0.0000000000000000 -0.8080332244473371 2.1172976593230257 0.0000000000000000 
3.8400000000000021
0.0000000000000000 0.0000000000000000 0.0000000000000000 0.0000000000000000 0.0000000000000000 0.0000000000000000 
-2.8330672619812551 1.2839097080922048 0.0000000000000000 1.0927443195902287 -2.2600893124954244 0.0000000000000000 
2.8330672619812551 -1.2839097080922048 0.0000000000000000 -1.0927443195902287 2.2600893124954244 0.0000000000000000 
3.9200000000000021
0.0000000000000000 0.0000000000000000 0.0000000000000000 0.0000000000000000 0.0000000000000000 0.0000000000000000 
-2.7200400551525430 1.0914974997972589 0.0000000000000000 1.4128400853589040 -2.4051526036868252 0.0000000000000000 
2.7200400551525430 -1.0914974997972589 0.0000000000000000 -1.4128400853589040 2.4051526036868252 0.0000000000000000 
4.0000000000000018
0.0000000000000000 0.0000000000000000 0.0000000000000000 0.0000000000000000 0.0000000000000000 0.0000000000000000 
-2.5776258235861511 0.8872928680904235 0.0000000000000000 1.7801778945798987 -2.5525578963354412 0.0000000000000000 
2.5776258235861511 -0.8872928680904235 0.0000000000000000 -1.7801778945798987 2.5525578963354412 0.0000000000000000 
4.0800000000000018
0.0000000000000000 0.0000000000000000 0.0000000000000000 0.0000000000000000 0.0000000000000000 0.0000000000000000 
-2.4006033924987169 0.6711750997554996 0.0000000000000000 2.2127803885929294 -2.7014721041865495 0.0000000000000000 
2.4006033924987169 -0.6711750997554996 0.0000000000000000 -2.2127803885929294 2.7014721041865495 0.0000000000000000 
4.1600000000000019
0.0000000000000000 0.0000000000000000 0.0000000000000000 0.0000000000000000 0.0000000000000000 0.0000000000000000 
-2.1814211930471084 0.4432700504286746 0.0000000000000000 2.7397774931451080 -2.8488131165853132 0.0000000000000000 
2.1814211930471084 -0.4432700504286746 0.0000000000000000 -2.7397774931451080 2.8488131165853132 0.0000000000000000 
4.2400000000000020
0.0000000000000000 0.0000000000000000 0.0000000000000000 0.0000000000000000 0.0000000000000000 0.0000000000000000 
-1.9084452786075190 0.2044339884063324 0.0000000000000000 3.4121989304948679 -2.9854507752792769 0.0000000000000000 
1.9084452786075190 -0.2044339884063324 0.0000000000000000 -3.4121989304948679 2.9854507752792769 0.0000000000000000 
4.3200000000000021
0.0000000000000000 0.0000000000000000 0.0000000000000000 0.0000000000000000 0.0000000000000000 0.0000000000000000 
-1.5620557083366744 -0.0422661955970309 0.0000000000000000 4.3298696283855573 -3.0837523000420406 0.0000000000000000 
1.5620557083366744 0.0422661955970309 0.0000000000000000 -4.3298696283855573 3.0837523000420406 0.0000000000000000 
4.4000000000000021
0.0000000000000000 0.0000000000000000 0.0000000000000000 0.0000000000000000 0.0000000000000000 0.0000000000000000 
-1.1043138625476694 -0.2859534031539672 0.0000000000000000 5.7217730723625637 -3.0460900944617046 0.0000000000000000 
1.1043138625476694 0.2859534031539672 0.0000000000000000 -5.7217730723625637 3.0460900944617046 0.0000000000000000 
4.4800000000000022
0.0000000000000000 0.0000000000000000 0.0000000000000000 0.0000000000000000 0.0000000000000000 0.0000000000000000 
-0.4442206842623418 -0.4772433221116530 0.0000000000000000 8.2511647285665948 -2.3911239869710723 0.0000000000000000 
0.4442206842623418 0.4772433221116530 0.0000000000000000 -8.2511647285665948 2.3911239869710723 0.0000000000000000 
4.5600000000000023
0.0000000000000000 0.0000000000000000 0.0000000000000000 0.0000000000000000 0.0000000000000000 0.0000000000000000 
0.6518272668114310 -0.2001703047475414 0.0000000000000000 13.7005993884221589 3.4634127170513942 0.0000000000000000 
-0.6518272668114310 0.2001703047475414 0.0000000000000000 -13.7005993884221589 -3.4634127170513942 0.0000000000000000 
4.6400000000000023
0.0000000000000000 0.0000000000000000 0.0000000000000000 0.0000000000000000 0.0000000000000000 0.0000000000000000 
1.1886376456879479 0.2486395529617043 0.0000000000000000 6.7101297359564605 5.6101232213655718 0.0000000000000000 
-1.1886376456879479 -0.2486395529617043 0.0000000000000000 -6.7101297359564605 -5.6101232213655718 0.0000000000000000 
4.7200000000000024
0.0000000000000000 0.0000000000000000 0.0000000000000000 0.0000000000000000 0.0000000000000000 0.0000000000000000 
1.5449089456903076 0.6596841959932610 0.0000000000000000 4.4533912500294965 5.1380580378944583 0.0000000000000000 
-1.5449089456903076 -0.6596841959932610 0.0000000000000000 -4.4533912500294965 -5.1380580378944583 0.0000000000000000 
4.8000000000000025
0.0000000000000000 0.0000000000000000 0.0000000000000000 0.0000000000000000 0.0000000000000000 0.0000000000000000 
1.8125354679785515 1.0328770555404463 0.0000000000000000 3.3453315286030492 4.6649107443398172 0.0000000000000000 
-1.8125354679785515 -1.0328770555404463 0.0000000000000000 -3.3453315286030492 -4.6649107443398172 0.0000000000000000 
4.8800000000000026
0.0000000000000000 0.0000000000000000 0.0000000000000000 0.0000000000000000 0.0000000000000000 0.0000000000000000 
2.0258614500647116 1.3751266408350544 0.0000000000000000 2.6665747760770024 4.2781198161826008 0.0000000000000000 
-2.0258614500647116 -1.3751266408350544 0.0000000000000000 -2.6665747760770024 -4.2781198161826008 0.0000000000000000 
4.9600000000000026
0.0000000000000000 0.0000000000000000 0.0000000000000000 0.0000000000000000 0.0000000000000000 0.0000000000000000 
2.2016482062742666 1.6918951205103243 0.0000000000000000 2.1973344526194363 3.9596059959408731 0.0000000000000000 
-2.2016482062742666 -1.6918951205103243 0.0000000000000000 -2.1973344526194363 -3.9596059959408731 0.0000000000000000 
5.0400000000000027
0.0000000000000000 0.0000000000000000 0.0000000000000000 0.0000000000000000 0.0000000000000000 0.0000000000000000 
2.3494609213006696 1.9871664583425646 0.0000000000000000 1.8476589378300381 3.6908917229030038 0.0000000000000000 
-2.3494609213006696 -1.9871664583425646 0.0000000000000000 -1.8476589378300381 -3.6908917229030038 0.0000000000000000 
5.1200000000000028
0.0000000000000000 0.0000000000000000 0.0000000000000000 0.0000000000000000 0.0000000000000000 0.0000000000000000 
2.4753407943099268 2.2638870692410404 0.0000000000000000 1.5734984126157128 3.4590076362309499 0.0000000000000000 
-2.4753407943099268 -2.2638870692410404 0.0000000000000000 -1.5734984126157128 -3.4590076362309499 0.0000000000000000 
5.2000000000000028
0.0000000000000000 0.0000000000000000 0.0000000000000000 0.0000000000000000 0.0000000000000000 0.0000000000000000 
2.5833833079858031 2.5242940609251145 0.0000000000000000 1.3505314209484522 3.2550873960509281 0.0000000000000000 
-2.5833833079858031 -2.5242940609251145 0.0000000000000000 -1.3505314209484522 -3.2550873960509281 0.0000000000000000 
5.2800000000000029
0.0000000000000000 0.0000000000000000 0.0000000000000000 0.0000000000000000 0.0000000000000000 0.0000000000000000 
2.6765135022915305 2.7701298199530351 0.0000000000000000 1.1641274288215935 3.0729469878490079 0.0000000000000000 
-2.6765135022915305 -2.7701298199530351 0.0000000000000000 -1.1641274288215935 -3.0729469878490079 0.0000000000000000 
5.3600000000000030
0.0000000000000000 0.0000000000000000 0.0000000000000000 0.0000000000000000 0.0000000000000000 0.0000000000000000 
2.7569056126979525 3.0027819555737438 0.0000000000000000 1.0049013800802760 2.9081516952588582 0.0000000000000000 
-2.7569056126979525 -3.0027819555737438 0.0000000000000000 -1.0049013800802760 -2.9081516952588582 0.0000000000000000 
5.4400000000000031
0.0000000000000000 0.0000000000000000 0.0000000000000000 0.0000000000000000 0.0000000000000000 0.0000000000000000 
2.8262275877170167 3.2233766588928852 0.0000000000000000 0.8665246877383018 2.7574337914892659 0.0000000000000000 
-2.8262275877170167 -3.2233766588928852 0.0000000000000000 -0.8665246877383018 -2.7574337914892659 0.0000000000000000 
5.5200000000000031
0.0000000000000000 0.0000000000000000 0.0000000000000000 0.0000000000000000 0.0000000000000000 0.0000000000000000 
2.8857920616375385 3.4328427109219266 0.0000000000000000 0.7445559240065219 2.6183256503630159 0.0000000000000000 
-2.8857920616375385 -3.4328427109219266 0.0000000000000000 -0.7445559240065219 -2.6183256503630159 0.0000000000000000 
5.6000000000000032
0.0000000000000000 0.0000000000000000 0.0000000000000000 0.0000000000000000 0.0000000000000000 0.0000000000000000 
2.9366540279612230 3.6319565479845184 0.0000000000000000 0.6357745790460563 2.4889229632823966 0.0000000000000000 
-2.9366540279612230 -3.6319565479845184 0.0000000000000000 -0.6357745790460563 -2.4889229632823966 0.0000000000000000 
5.6800000000000033
0.0000000000000000 0.0000000000000000 0.0000000000000000 0.0000000000000000 0.0000000000000000 0.0000000000000000 
2.9796765096817772 3.8213747698448897 0.0000000000000000 0.5377810215069301 2.3677277732546433 0.0000000000000000 
-2.9796765096817772 -3.8213747698448897 0.0000000000000000 -0.5377810215069301 -2.3677277732546433 0.0000000000000000 
5.7600000000000033
0.0000000000000000 0.0000000000000000 0.0000000000000000 0.0000000000000000 0.0000000000000000 0.0000000000000000 
3.0155761598675723 4.0016581045360189 0.0000000000000000 0.4487456273224413 2.2535416836391180 0.0000000000000000 
-3.0155761598675723 -4.0016581045360189 0.0000000000000000 -0.4487456273224413 -2.2535416836391180 0.0000000000000000 
5.8400000000000034
0.0000000000000000 0.0000000000000000 0.0000000000000000 0.0000000000000000 0.0000000000000000 0.0000000000000000 
3.0449558066341984 4.1732894194668289 0.0000000000000000 0.3672455845828254 2.1453914366351299 0.0000000000000000 
-3.0449558066341984 -4.1732894194668289 0.0000000000000000 -0.3672455845828254 -2.1453914366351299 0.0000000000000000 
5.9200000000000035
0.0000000000000000 0.0000000000000000 0.0000000000000000 0.0000000000000000 0.0000000000000000 0.0000000000000000 
3.0683282352622210 4.3366874917858276 0.0000000000000000 0.2921553578502796 2.0424759039874849 0.0000000000000000 
-3.0683282352622210 -4.3366874917858276 0.0000000000000000 -0.2921553578502796 -2.0424759039874849 0.0000000000000000 
6.0000000000000036
0.0000000000000000 0.0000000000000000 0.0000000000000000 0.0000000000000000 0.0000000000000000 0.0000000000000000 
3.0861339274469710 4.4922176978100250 0.0000000000000000 0.2225711523093747 1.9441275753024649 0.0000000000000000 
-3.0861339274469710 -4.4922176978100250 0.0000000000000000 -0.2225711523093747 -1.9441275753024649 0.0000000000000000 
6.0800000000000036
0.0000000000000000 0.0000000000000000 0.0000000000000000 0.0000000000000000 0.0000000000000000 0.0000000000000000 
3.0987545337839668 4.6402004237320815 0.0000000000000000 0.1577575792124453 1.8497840740257099 0.0000000000000000 
-3.0987545337839668 -4.6402004237320815 0.0000000000000000 -0.1577575792124453 -1.8497840740257099 0.0000000000000000 
6.1600000000000037
0.0000000000000000 0.0000000000000000 0.0000000000000000 0.0000000000000000 0.0000000000000000 0.0000000000000000 
3.1065232702377723 4.7809177633699331 0.0000000000000000 0.0971092056725661 1.7589667454731448 0.0000000000000000 
-3.1065232702377723 -4.7809177633699331 0.0000000000000000 -0.0971092056725661 -1.7589667454731448 0.0000000000000000 
6.2400000000000038
0.0000000000000000 0.0000000000000000 0.0000000000000000 0.0000000000000000 0.0000000000000000 0.0000000000000000 
3.1097330557147811 4.9146189090793131 0.0000000000000000 0.0401223184626125 1.6712643213672493 0.0000000000000000 
-3.1097330557147811 -4.9146189090793131 0.0000000000000000 -0.0401223184626125 -1.6712643213672493 0.0000000000000000 
6.3200000000000038
0.0000000000000000 0.0000000000000000 0.0000000000000000 0.0000000000000000 0.0000000000000000 0.0000000000000000 
3.1086429632117576 5.0415245320705724 0.0000000000000000 -0.0136261562877935 1.5863202873907378 0.0000000000000000 
-3.1086429632117576 -5.0415245320705724 0.0000000000000000 0.0136261562877935 -1.5863202873907378 0.0000000000000000 
6.4000000000000039
0.0000000000000000 0.0000000000000000 0.0000000000000000 0.0000000000000000 0.0000000000000000 0.0000000000000000 
3.1034833931287014 5.1618303713956974 0.0000000000000000 -0.0644946260382022 1.5038229915640682 0.0000000000000000 
-3.1034833931287014 -5.1618303713956974 0.0000000000000000 0.0644946260382022 -1.5038229915640682 0.0000000000000000 
6.4800000000000040
0.0000000000000000 0.0000000000000000 0.0000000000000000 0.0000000000000000 0.0000000000000000 0.0000000000000000 
3.0944602652874602 5.2757101960619410 0.0000000000000000 -0.1127890980155157 1.4234978083280458 0.0000000000000000 
-3.0944602652874602 -5.2757101960619410 0.0000000000000000 0.1127890980155157 -1.4234978083280458 0.0000000000000000 
6.5600000000000041
0.0000000000000000 0.0000000000000000 0.0000000000000000 0.0000000000000000 0.0000000000000000 0.0000000000000000 
3.0817584481648188 5.3833182651113054 0.0000000000000000 -0.1587727140330150 1.3451008631170587 0.0000000000000000 
-3.0817584481648188 -5.3833182651113054 0.0000000000000000 0.1587727140330150 -1.3451008631170587 0.0000000000000000 
6.6400000000000041
0.0000000000000000 0.0000000000000000 0.0000000000000000 0.0000000000000000 0.0000000000000000 0.0000000000000000 
3.0655445885880463 5.4847913814675318 0.0000000000000000 -0.2026732447096570 1.2684139544528250 0.0000000000000000 
-3.0655445885880463 -5.4847913814675318 0.0000000000000000 0.2026732447096570 -1.2684139544528250 0.0000000000000000 
6.7200000000000042
0.0000000000000000 0.0000000000000000 0.0000000000000000 0.0000000000000000 0.0000000000000000 0.0000000000000000 
3.0459694654057632 5.5802506137905663 0.0000000000000000 -0.2446890397785409 1.1932404040379339 0.0000000000000000 
-3.0459694654057632 -5.5802506137905663 0.0000000000000000 0.2446890397785409 -1.1932404040379339 0.0000000000000000 
6.8000000000000043
0.0000000000000000 0.0000000000000000 0.0000000000000000 0.0000000000000000 0.0000000000000000 0.0000000000000000 
3.0231699616747250 5.6698027443712373 0.0000000000000000 -0.2849937966379800 1.1194016322583871 0.0000000000000000 
-3.0231699616747250 -5.6698027443712373 0.0000000000000000 0.2849937966379800 -1.1194016322583871 0.0000000000000000 
6.8800000000000043
0.0000000000000000 0.0000000000000000 0.0000000000000000 0.0000000000000000 0.0000000000000000 0.0000000000000000 
2.9972707285067335 5.7535414887740739 0.0000000000000000 -0.3237404145998921 1.0467343050354558 0.0000000000000000 
-2.9972707285067335 -5.7535414887740739 0.0000000000000000 0.3237404145998921 -1.0467343050354558 0.0000000000000000 
6.9600000000000044
0.0000000000000000 0.0000000000000000 0.0000000000000000 0.0000000000000000 0.0000000000000000 0.0000000000000000 
2.9683855977316833 5.8315485234584488 0.0000000000000000 -0.3610641346881266 0.9750879335546804 0.0000000000000000 
-2.9683855977316833 -5.8315485234584488 0.0000000000000000 0.3610641346881266 -0.9750879335546804 0.0000000000000000 
7.0400000000000045
0.0000000000000000 0.0000000000000000 0.0000000000000000 0.0000000000000000 0.0000000000000000 0.0000000000000000 
2.9366187884558195 5.9038943502393275 0.0000000000000000 -0.3970851159482977 0.9043228347609816 0.0000000000000000 
-2.9366187884558195 -5.9038943502393275 0.0000000000000000 0.3970851159482977 -0.9043228347609816 0.0000000000000000 
7.1200000000000045
0.0000000000000000 0.0000000000000000 0.0000000000000000 0.0000000000000000 0.0000000000000000 0.0000000000000000 
2.9020659433805265 5.9706390206561339 0.0000000000000000 -0.4319105634411599 0.8343083802100795 0.0000000000000000 
-2.9020659433805265 -5.9706390206561339 0.0000000000000000 0.4319105634411599 -0.8343083802100795 0.0000000000000000 
7.2000000000000046
0.0000000000000000 0.0000000000000000 0.0000000000000000 0.0000000000000000 0.0000000000000000 0.0000000000000000 
2.8648150236529824 6.0318327387122199 0.0000000000000000 -0.4656364965943023 0.7649214757010701 0.0000000000000000 
-2.8648150236529824 -6.0318327387122199 0.0000000000000000 0.4656364965943023 -0.7649214757010701 0.0000000000000000 
7.2800000000000047
0.0000000000000000 0.0000000000000000 0.0000000000000000 0.0000000000000000 0.0000000000000000 0.0000000000000000 
2.8249470855122776 6.0875163567402115 0.0000000000000000 -0.4983492267588099 0.6960452253498932 0.0000000000000000 
-2.8249470855122776 -6.0875163567402115 0.0000000000000000 0.4983492267588099 -0.6960452253498932 0.0000000000000000 
7.3600000000000048
0.0000000000000000 0.0000000000000000 0.0000000000000000 0.0000000000000000 0.0000000000000000 0.0000000000000000 
2.7825369576860095 6.1377217761243523 0.0000000000000000 -0.5301265978283535 0.6275677423017566 0.0000000000000000 
-2.7825369576860095 -6.1377217761243523 0.0000000000000000 0.5301265978283535 -0.6275677423017566 0.0000000000000000 
7.4400000000000048
0.0000000000000000 0.0000000000000000 0.0000000000000000 0.0000000000000000 0.0000000000000000 0.0000000000000000 
2.7376538350992021 6.1824722621060539 0.0000000000000000 -0.5610390323350917 0.5593810747712710 0.0000000000000000 
-2.7376538350992021 -6.1824722621060539 0.0000000000000000 0.5610390323350917 -0.5593810747712710 0.0000000000000000 
7.5200000000000049
0.0000000000000000 0.0000000000000000 0.0000000000000000 0.0000000000000000 0.0000000000000000 0.0000000000000000 
2.6903618017699515 6.2217826797868980 0.0000000000000000 -0.5911504166156338 0.4913802210105461 0.0000000000000000 
-2.6903618017699515 -6.2217826797868980 0.0000000000000000 0.5911504166156338 -0.4913802210105461 0.0000000000000000 
7.6000000000000050
0.0000000000000000 0.0000000000000000 0.0000000000000000 0.0000000000000000 0.0000000000000000 0.0000000000000000 
2.6407202936281240 6.2556596566250002 0.0000000000000000 -0.6205188517728470 0.4234622104762819 0.0000000000000000 
-2.6407202936281240 -6.2556596566250002 0.0000000000000000 0.6205188517728470 -0.4234622104762819 0.0000000000000000 
7.6800000000000050
0.0000000000000000 0.0000000000000000 0.0000000000000000 0.0000000000000000 0.0000000000000000 0.0000000000000000 
2.5887845102876019 6.2841016751162089 0.0000000000000000 -0.6491972917565260 0.3555252311401033 0.0000000000000000 
-2.5887845102876019 -6.2841016751162089 0.0000000000000000 0.6491972917565260 -0.3555252311401033 0.0000000000000000 
7.7600000000000051
0.0000000000000000 0.0000000000000000 0.0000000000000000 0.0000000000000000 0.0000000000000000 0.0000000000000000 
2.5346057834407456 6.3070990978948984 0.0000000000000000 -0.6772340855857055 0.2874677847336191 0.0000000000000000 
-2.5346057834407456 -6.3070990978948984 0.0000000000000000 0.6772340855857055 -0.2874677847336191 0.0000000000000000 
7.8400000000000052
0.0000000000000000 0.0000000000000000 0.0000000000000000 0.0000000000000000 0.0000000000000000 0.0000000000000000 
2.4782319084594966 6.3246341261234660 0.0000000000000000 -0.7046734372656144 0.2191878528570967 0.0000000000000000 
-2.4782319084594966 -6.3246341261234660 0.0000000000000000 0.7046734372656144 -0.2191878528570967 0.0000000000000000 
7.9200000000000053
0.0000000000000000 0.0000000000000000 0.0000000000000000 0.0000000000000000 0.0000000000000000 0.0000000000000000 
2.4197074449310900 6.3366806907138358 0.0000000000000000 -0.7315557941050809 0.1505820573796242 0.0000000000000000 
-2.4197074449310900 -6.3366806907138358 0.0000000000000000 0.7315557941050809 -0.1505820573796242 0.0000000000000000 
8.0000000000000053
0.0000000000000000 0.0000000000000000 0.0000000000000000 0.0000000000000000 0.0000000000000000 0.0000000000000000 
2.3590739911908321 6.3432042745900130 0.0000000000000000 -0.7579181717532233 0.0815447984522139 0.0000000000000000 
-2.3590739911908321 -6.3432042745900130 0.0000000000000000 0.7579181717532233 -0.0815447984522139 0.0000000000000000 
8.0800000000000054
0.0000000000000000 0.0000000000000000 0.0000000000000000 0.0000000000000000 0.0000000000000000 0.0000000000000000 
2.2963704374134961 6.3441616628093112 0.0000000000000000 -0.7837944222167009 0.0119673527412221 0.0000000000000000 
-2.2963704374134961 -6.3441616628093112 0.0000000000000000 0.7837944222167009 -0.0119673527412221 0.0000000000000000 
8.1600000000000055
0.0000000000000000 0.0000000000000000 0.0000000000000000 0.0000000000000000 0.0000000000000000 0.0000000000000000 
2.2316332014710327 6.3395006158597287 0.0000000000000000 -0.8092154492807945 -0.0582630868697804 0.0000000000000000 
-2.2316332014710327 -6.3395006158597287 0.0000000000000000 0.8092154492807945 0.0582630868697804 0.0000000000000000 
8.2400000000000055
0.0000000000000000 0.0000000000000000 0.0000000000000000 0.0000000000000000 0.0000000000000000 0.0000000000000000 
2.1648964515477211 6.3291594597843943 0.0000000000000000 -0.8342093740413955 -0.1292644509416791 0.0000000000000000 
-2.1648964515477211 -6.3291594597843943 0.0000000000000000 0.8342093740413955 0.1292644509416791 0.0000000000000000 
8.3200000000000056
0.0000000000000000 0.0000000000000000 0.0000000000000000 0.0000000000000000 0.0000000000000000 0.0000000000000000 
2.0961923194223404 6.3130665848837397 0.0000000000000000 -0.8588016515672589 -0.2011609362581871 0.0000000000000000 
-2.0961923194223404 -6.3130665848837397 0.0000000000000000 0.8588016515672589 0.2011609362581871 0.0000000000000000 
8.4000000000000057
0.0000000000000000 0.0000000000000000 0.0000000000000000 0.0000000000000000 0.0000000000000000 0.0000000000000000 
2.0255511083858648 6.2911398425308427 0.0000000000000000 -0.8830151379559468 -0.2740842794112085 0.0000000000000000 
-2.0255511083858648 -6.2911398425308427 0.0000000000000000 0.8830151379559468 0.2740842794112085 0.0000000000000000 
8.4800000000000058
0.0000000000000000 0.0000000000000000 0.0000000000000000 0.0000000000000000 0.0000000000000000 0.0000000000000000 
1.9530014999767193 6.2632858270043004 0.0000000000000000 -0.9068701051143198 -0.3481751940817830 0.0000000000000000 
-1.9530014999767193 -6.2632858270043004 0.0000000000000000 0.9068701051143198 0.3481751940817830 0.0000000000000000 
8.5600000000000058
0.0000000000000000 0.0000000000000000 0.0000000000000000 0.0000000000000000 0.0000000000000000 0.0000000000000000 
1.8785707641083471 6.2293990260680676 0.0000000000000000 -0.9303841983546527 -0.4235850117029115 0.0000000000000000 
-1.8785707641083471 -6.2293990260680676 0.0000000000000000 0.9303841983546527 0.4235850117029115 0.0000000000000000 
8.6400000000000059
0.0000000000000000 0.0000000000000000 0.0000000000000000 0.0000000000000000 0.0000000000000000 0.0000000000000000 
1.8022849777736087 6.1893608201439188 0.0000000000000000 -0.9535723291842306 -0.5004775740518596 0.0000000000000000 
-1.8022849777736087 -6.1893608201439188 0.0000000000000000 0.9535723291842306 0.5004775740518596 0.0000000000000000 
8.7200000000000060
0.0000000000000000 0.0000000000000000 0.0000000000000000 0.0000000000000000 0.0000000000000000 0.0000000000000000 
1.7241692583929067 6.1430383051133575 0.0000000000000000 -0.9764464922587758 -0.5790314378820204 0.0000000000000000 
-1.7241692583929067 -6.1430383051133575 0.0000000000000000 0.9764464922587758 0.5790314378820204 0.0000000000000000 
8.8000000000000060
0.0000000000000000 0.0000000000000000 0.0000000000000000 0.0000000000000000 0.0000000000000000 0.0000000000000000 
1.6442480191076481 6.0902829077655030 0.0000000000000000 -0.9990154910657326 -0.6594424668481799 0.0000000000000000 
-1.6442480191076481 -6.0902829077655030 0.0000000000000000 0.9990154910657326 0.6594424668481799 0.0000000000000000 
8.8800000000000061
0.0000000000000000 0.0000000000000000 0.0000000000000000 0.0000000000000000 0.0000000000000000 0.0000000000000000 
1.5625452550214221 6.0309287552912902 0.0000000000000000 -1.0212845510778239 -0.7419269059276623 0.0000000000000000 
-1.5625452550214221 -6.0309287552912902 0.0000000000000000 1.0212845510778239 0.7419269059276623 0.0000000000000000 
8.9600000000000062
0.0000000000000000 0.0000000000000000 0.0000000000000000 0.0000000000000000 0.0000000000000000 0.0000000000000000 
1.4790848717203489 5.9647907504904900 0.0000000000000000 -1.0432547912634158 -0.8267250600100063 0.0000000000000000 
-1.4790848717203489 -5.9647907504904900 0.0000000000000000 1.0432547912634158 0.8267250600100063 0.0000000000000000 
9.0400000000000063
0.0000000000000000 0.0000000000000000 0.0000000000000000 0.0000000000000000 0.0000000000000000 0.0000000000000000 
1.3938910705943020 5.8916622917902375 0.0000000000000000 -1.0649225140755858 -0.9141057337531558 0.0000000000000000 
-1.3938910705943020 -5.8916622917902375 0.0000000000000000 1.0649225140755858 0.9141057337531558 0.0000000000000000 
9.1200000000000063
0.0000000000000000 0.0000000000000000 0.0000000000000000 0.0000000000000000 0.0000000000000000 0.0000000000000000 
1.3069888098692577 5.8113125607762388 0.0000000000000000 -1.0862782590630542 -1.0043716376749818 0.0000000000000000 
-1.3069888098692577 -5.8113125607762388 0.0000000000000000 1.0862782590630542 1.0043716376749818 0.0000000000000000 
9.2000000000000064
0.0000000000000000 0.0000000000000000 0.0000000000000000 0.0000000000000000 0.0000000000000000 0.0000000000000000 
1.2184043663413695 5.7234832783094118 0.0000000000000000 -1.1073055440986028 -1.0978660308353412 0.0000000000000000 
-1.2184043663413695 -5.7234832783094118 0.0000000000000000 1.1073055440986028 1.0978660308353412 0.0000000000000000 
9.2800000000000065
0.0000000000000000 0.0000000000000000 0.0000000000000000 0.0000000000000000 0.0000000000000000 0.0000000000000000 
1.1281660313073063 5.6278848014427361 0.0000000000000000 -1.1279791879257897 -1.1949809608334467 0.0000000000000000 
-1.1281660313073063 -5.6278848014427361 0.0000000000000000 1.1279791879257897 1.1949809608334467 0.0000000000000000 
9.3600000000000065
0.0000000000000000 0.0000000000000000 0.0000000000000000 0.0000000000000000 0.0000000000000000 0.0000000000000000 
1.0363049862138873 5.5241913943736201 0.0000000000000000 -1.1482630636677369 -1.2961675883639494 0.0000000000000000 
-1.0363049862138873 -5.5241913943736201 0.0000000000000000 1.1482630636677369 1.2961675883639494 0.0000000000000000 
9.4400000000000066
0.0000000000000000 0.0000000000000000 0.0000000000000000 0.0000000000000000 0.0000000000000000 0.0000000000000000 
0.9428564207864184 5.4120354533165207 0.0000000000000000 -1.1681070678433614 -1.4019492632137445 0.0000000000000000 
-0.9428564207864184 -5.4120354533165207 0.0000000000000000 1.1681070678433614 1.4019492632137445 0.0000000000000000 
9.5200000000000067
0.0000000000000000 0.0000000000000000 0.0000000000000000 0.0000000000000000 0.0000000000000000 0.0000000000000000 
0.8478609814590893 5.2910003911087466 0.0000000000000000 -1.1874429915916147 -1.5129382775971731 0.0000000000000000 
-0.8478609814590893 -5.2910003911087466 0.0000000000000000 1.1874429915916147 1.5129382775971731 0.0000000000000000 
9.6000000000000068
0.0000000000000000 0.0000000000000000 0.0000000000000000 0.0000000000000000 0.0000000000000000 0.0000000000000000 
0.7513666749796902 5.1606117829055274 0.0000000000000000 -1.2061788309924875 -1.6298576025402460 0.0000000000000000 
-0.7513666749796902 -5.1606117829055274 0.0000000000000000 1.2061788309924875 1.6298576025402460 0.0000000000000000 
9.6800000000000068
0.0000000000000000 0.0000000000000000 0.0000000000000000 0.0000000000000000 0.0000000000000000 0.0000000000000000 
0.6534314078356823 5.0203262244753297 0.0000000000000000 -1.2241908393000982 -1.7535694803774700 0.0000000000000000 
-0.6534314078356823 -5.0203262244753297 0.0000000000000000 1.2241908393000982 1.7535694803774700 0.0000000000000000 
9.7600000000000069
0.0000000000000000 0.0000000000000000 0.0000000000000000 0.0000000000000000 0.0000000000000000 0.0000000000000000 
0.5541264278421831 4.8695171355630595 0.0000000000000000 -1.2413122499187403 -1.8851136114033771 0.0000000000000000 
-0.5541264278421831 -4.8695171355630595 0.0000000000000000 1.2413122499187403 1.8851136114033771 0.0000000000000000 
9.8400000000000070
0.0000000000000000 0.0000000000000000 0.0000000000000000 0.0000000000000000 0.0000000000000000 0.0000000000000000 
0.4535410689265510 4.7074564138318697 0.0000000000000000 -1.2573169864454012 -2.0257590216398711 0.0000000000000000 
-0.4535410689265510 -4.7074564138318697 0.0000000000000000 1.2573169864454012 2.0257590216398711 0.0000000000000000 
9.9200000000000070
0.0000000000000000 0.0000000000000000 0.0000000000000000 0.0000000000000000 0.0000000000000000 0.0000000000000000 
0.3517894173419790 4.5332903453504931 0.0000000000000000 -1.2718956448071499 -2.1770758560172041 0.0000000000000000 
-0.3517894173419790 -4.5332903453504931 0.0000000000000000 1.2718956448071499 2.1770758560172041 0.0000000000000000 
10.0000000000000071
0.0000000000000000 0.0000000000000000 0.0000000000000000 0.0000000000000000 0.0000000000000000 0.0000000000000000 
0.2490198780445254 4.3460073941148760 0.0000000000000000 -1.2846192412181712 -2.3410368904452161 0.0000000000000000 
-0.2490198780445254 -4.3460073941148760 0.0000000000000000 1.2846192412181712 2.3410368904452161 0.0000000000000000 
10.0800000000000072
0.0000000000000000 0.0000000000000000 0.0000000000000000 0.0000000000000000 0.0000000000000000 0.0000000000000000 
0.1454292383206811 4.1443942273461589 0.0000000000000000 -1.2948829965480533 -2.5201645846089660 0.0000000000000000 
-0.1454292383206811 -4.1443942273461589 0.0000000000000000 1.2948829965480533 2.5201645846089660 0.0000000000000000 
10.1600000000000072
0.0000000000000000 0.0000000000000000 0.0000000000000000 0.0000000000000000 0.0000000000000000 0.0000000000000000 
0.0412839271701284 3.9269742181194252 0.0000000000000000 -1.3018163893819088 -2.7177501153341734 0.0000000000000000 
-0.0412839271701284 -3.9269742181194252 0.0000000000000000 1.3018163893819088 2.7177501153341734 0.0000000000000000 
10.2400000000000073
0.0000000000000000 0.0000000000000000 0.0000000000000000 0.0000000000000000 0.0000000000000000 0.0000000000000000 
-0.0630467814332544 3.6919189918173263 0.0000000000000000 -1.3041338575422849 -2.9381903287762330 0.0000000000000000 
0.0630467814332544 -3.6919189918173263 0.0000000000000000 1.3041338575422849 2.9381903287762330 0.0000000000000000 
10.3200000000000074
0.0000000000000000 0.0000000000000000 0.0000000000000000 0.0000000000000000 0.0000000000000000 0.0000000000000000 
-0.1670368580813087 3.4369169013532774 0.0000000000000000 -1.2998759581006782 -3.1875261308006086 0.0000000000000000 
0.1670368580813087 -3.4369169013532774 0.0000000000000000 1.2998759581006782 3.1875261308006086 0.0000000000000000 
10.4000000000000075
0.0000000000000000 0.0000000000000000 0.0000000000000000 0.0000000000000000 0.0000000000000000 0.0000000000000000 
-0.2699117746693765 3.1589695010821224 0.0000000000000000 -1.2859364573508485 -3.4743425033894391 0.0000000000000000 
0.2699117746693765 -3.1589695010821224 0.0000000000000000 1.2859364573508485 3.4743425033894391 0.0000000000000000 
10.4800000000000075
0.0000000000000000 0.0000000000000000 0.0000000000000000 0.0000000000000000 0.0000000000000000 0.0000000000000000 
-0.3704830446343678 2.8540608856787864 0.0000000000000000 -1.2571408745623909 -3.8113576925417019 0.0000000000000000 
0.3704830446343678 -2.8540608856787864 0.0000000000000000 1.2571408745623909 3.8113576925417019 0.0000000000000000 
10.5600000000000076
0.0000000000000000 0.0000000000000000 0.0000000000000000 0.0000000000000000 0.0000000000000000 0.0000000000000000 
-0.4668270255507603 2.5165868384674406 0.0000000000000000 -1.2042997614549054 -4.2184255901418215 0.0000000000000000 
0.4668270255507603 -2.5165868384674406 0.0000000000000000 1.2042997614549054 4.2184255901418215 0.0000000000000000 
10.6400000000000077
0.0000000000000000 0.0000000000000000 0.0000000000000000 0.0000000000000000 0.0000000000000000 0.0000000000000000 
-0.5555983214488396 2.1382897060320496 0.0000000000000000 -1.1096411987259920 -4.7287141554423870 0.0000000000000000 
0.5555983214488396 -2.1382897060320496 0.0000000000000000 1.1096411987259920 4.7287141554423870 0.0000000000000000 
10.7200000000000077
0.0000000000000000 0.0000000000000000 0.0000000000000000 0.0000000000000000 0.0000000000000000 0.0000000000000000 
-0.6303553529648508 1.7060569224095856 0.0000000000000000 -0.9344628939501407 -5.4029097952807987 0.0000000000000000 
0.6303553529648508 -1.7060569224095856 0.0000000000000000 0.9344628939501407 5.4029097952807987 0.0000000000000000 
10.8000000000000078
0.0000000000000000 0.0000000000000000 0.0000000000000000 0.0000000000000000 0.0000000000000000 0.0000000000000000 
-0.6766146449987821 1.1966949996630529 0.0000000000000000 -0.5782411504241417 -6.3670240343316573 0.0000000000000000 
0.6766146449987821 -1.1966949996630529 0.0000000000000000 0.5782411504241417 6.3670240343316573 0.0000000000000000 
10.8800000000000079
0.0000000000000000 0.0000000000000000 0.0000000000000000 0.0000000000000000 0.0000000000000000 0.0000000000000000 
-0.6520374879640719 0.5620481381099085 0.0000000000000000 0.3072144629338775 -7.9330857694143058 0.0000000000000000 
0.6520374879640719 -0.5620481381099085 0.0000000000000000 -0.3072144629338775 7.9330857694143058 0.0000000000000000 
10.9600000000000080
0.0000000000000000 0.0000000000000000 0.0000000000000000 0.0000000000000000 0.0000000000000000 0.0000000000000000 
-0.3494446274953253 -0.3122447735013680 0.0000000000000000 3.7824107558593321 -10.9286613951409564 0.0000000000000000 
0.3494446274953253 0.3122447735013680 0.0000000000000000 -3.7824107558593321 10.9286613951409564 0.0000000000000000 
11.0400000000000080
0.0000000000000000 0.0000000000000000 0.0000000000000000 0.0000000000000000 0.0000000000000000 0.0000000000000000 
0.8767271479501274 -0.3612776398100489 0.0000000000000000 15.3271471930681589 -0.6129108288585110 0.0000000000000000 
-0.8767271479501274 0.3612776398100489 0.0000000000000000 -15.3271471930681589 0.6129108288585110 0.0000000000000000 
11.1200000000000081
0.0000000000000000 0.0000000000000000 0.0000000000000000 0.0000000000000000 0.0000000000000000 0.0000000000000000 
1.8232139209850202 -0.2950592129456994 0.0000000000000000 11.8310846629361599 0.8277303358043687 0.0000000000000000 
-1.8232139209850202 0.2950592129456994 0.0000000000000000 -11.8310846629361599 -0.8277303358043687 0.0000000000000000 
11.2000000000000082
0.0000000000000000 0.0000000000000000 0.0000000000000000 0.0000000000000000 0.0000000000000000 0.0000000000000000 
2.6909867471765616 -0.2161021409140834 0.0000000000000000 10.8471603273942669 0.9869634003952004 0.0000000000000000 
-2.6909867471765616 0.2161021409140834 0.0000000000000000 -10.8471603273942669 -0.9869634003952004 0.0000000000000000 
11.2800000000000082
0.0000000000000000 0.0000000000000000 0.0000000000000000 0.0000000000000000 0.0000000000000000 0.0000000000000000 
3.5215582746371572 -0.1341575847155621 0.0000000000000000 10.3821440932574429 1.0243069524815158 0.0000000000000000 
-3.5215582746371572 0.1341575847155621 0.0000000000000000 -10.3821440932574429 -1.0243069524815158 0.0000000000000000 
11.3600000000000083
0.0000000000000000 0.0000000000000000 0.0000000000000000 0.0000000000000000 0.0000000000000000 0.0000000000000000 
4.3302444072963473 -0.0513792806480224 0.0000000000000000 10.1085766582398762 1.0347288008442466 0.0000000000000000 
-4.3302444072963473 0.0513792806480224 0.0000000000000000 -10.1085766582398762 -1.0347288008442466 0.0000000000000000 
11.4400000000000084
0.0000000000000000 0.0000000000000000 0.0000000000000000 0.0000000000000000 0.0000000000000000 0.0000000000000000 
5.1244277225392691 0.0315711024654395 0.0000000000000000 9.9272914405365231 1.0368797889182739 0.0000000000000000 
-5.1244277225392691 -0.0315711024654395 0.0000000000000000 -9.9272914405365231 -1.0368797889182739 0.0000000000000000 
11.5200000000000085
0.0000000000000000 0.0000000000000000 0.0000000000000000 0.0000000000000000 0.0000000000000000 0.0000000000000000 
5.9082535737482615 0.1144576742469825 0.0000000000000000 9.7978231401124081 1.0360821472692878 0.0000000000000000 
-5.9082535737482615 -0.1144576742469825 0.0000000000000000 -9.7978231401124081 -1.0360821472692878 0.0000000000000000 
11.6000000000000085
0.0000000000000000 0.0000000000000000 0.0000000000000000 0.0000000000000000 0.0000000000000000 0.0000000000000000 
6.6842917787180207 0.1971933798097225 0.0000000000000000 9.7004775621219874 1.0341963195342498 0.0000000000000000 
-6.6842917787180207 -0.1971933798097225 0.0000000000000000 -9.7004775621219874 -1.0341963195342498 0.0000000000000000 
11.6800000000000086
0.0000000000000000 0.0000000000000000 0.0000000000000000 0.0000000000000000 0.0000000000000000 0.0000000000000000 
7.4542501542462798 0.2797497242440251 0.0000000000000000 9.6244796941032362 1.0319543054287816 0.0000000000000000 
-7.4542501542462798 -0.2797497242440251 0.0000000000000000 -9.6244796941032362 -1.0319543054287816 0.0000000000000000 
11.7600000000000087
0.0000000000000000 0.0000000000000000 0.0000000000000000 0.0000000000000000 0.0000000000000000 0.0000000000000000 
8.2193237597527062 0.3621227486879427 0.0000000000000000 9.5634200688303306 1.0296628055489703 0.0000000000000000 
-8.2193237597527062 -0.3621227486879427 0.0000000000000000 -9.5634200688303306 -1.0296628055489703 0.0000000000000000 
11.8400000000000087
0.0000000000000000 0.0000000000000000 0.0000000000000000 0.0000000000000000 0.0000000000000000 0.0000000000000000 
8.9803828467420441 0.4443189035349739 0.0000000000000000 9.5132385873667289 1.0274519355878897 0.0000000000000000 
-8.9803828467420441 -0.4443189035349739 0.0000000000000000 -9.5132385873667289 -1.0274519355878897 0.0000000000000000 
11.9200000000000088
0.0000000000000000 0.0000000000000000 0.0000000000000000 0.0000000000000000 0.0000000000000000 0.0000000000000000 
9.7380815686560336 0.5263487989083014 0.0000000000000000 9.4712340239248647 1.0253736921665944 0.0000000000000000 
-9.7380815686560336 -0.5263487989083014 0.0000000000000000 -9.4712340239248647 -1.0253736921665944 0.0000000000000000 
12.0000000000000089
0.0000000000000000 0.0000000000000000 0.0000000000000000 0.0000000000000000 0.0000000000000000 0.0000000000000000 
10.4929245306143848 0.6082243388460102 0.0000000000000000 9.4355370244793857 1.0234442492213602 0.0000000000000000 
-10.4929245306143848 -0.6082243388460102 0.0000000000000000 -9.4355370244793857 -1.0234442492213602 0.0000000000000000 
12.0800000000000090
0.0000000000000000 0.0000000000000000 0.0000000000000000 0.0000000000000000 0.0000000000000000 0.0000000000000000 
11.2453094429029399 0.6899573974734894 0.0000000000000000 9.4048114036069279 1.0216632328434898 0.0000000000000000 
-11.2453094429029399 -0.6899573974734894 0.0000000000000000 -9.4048114036069279 -1.0216632328434898 0.0000000000000000 
12.1600000000000090
0.0000000000000000 0.0000000000000000 0.0000000000000000 0.0000000000000000 0.0000000000000000 0.0000000000000000 
11.9955555148538195 0.7715592272788108 0.0000000000000000 9.3780758993860029 1.0200228725665166 0.0000000000000000 
-11.9955555148538195 -0.7715592272788108 0.0000000000000000 -9.3780758993860029 -1.0200228725665166 0.0000000000000000 
12.2400000000000091
0.0000000000000000 0.0000000000000000 0.0000000000000000 0.0000000000000000 0.0000000000000000 0.0000000000000000 
12.7439229680960029 0.8530402235306181 0.0000000000000000 9.3545931655272927 1.0185124531475922 0.0000000000000000 
-12.7439229680960029 -0.8530402235306181 0.0000000000000000 -9.3545931655272927 -1.0185124531475922 0.0000000000000000 
12.3200000000000092
0.0000000000000000 0.0000000000000000 0.0000000000000000 0.0000000000000000 0.0000000000000000 0.0000000000000000 
13.4906268159377927 0.9344098629948672 0.0000000000000000 9.3337980980223669 1.0171204933031122 0.0000000000000000 
-13.4906268159377927 -0.9344098629948672 0.0000000000000000 -9.3337980980223669 -1.0171204933031122 0.0000000000000000 
12.4000000000000092
0.0000000000000000 0.0000000000000000 0.0000000000000000 0.0000000000000000 0.0000000000000000 0.0000000000000000 
14.2358468245139242 1.0156767263565787 0.0000000000000000 9.3152501072016474 1.0158357920213938 0.0000000000000000 
-14.2358468245139242 -1.0156767263565787 0.0000000000000000 -9.3152501072016474 -1.0158357920213938 0.0000000000000000 
12.4800000000000093
0.0000000000000000 0.0000000000000000 0.0000000000000000 0.0000000000000000 0.0000000000000000 0.0000000000000000 
14.9797348624224451 1.0968485583777623 0.0000000000000000 9.2986004738565065 1.0146479002647959 0.0000000000000000 
-14.9797348624224451 -1.0968485583777623 0.0000000000000000 -9.2986004738565065 -1.0146479002647959 0.0000000000000000 
12.5600000000000094
0.0000000000000000 0.0000000000000000 0.0000000000000000 0.0000000000000000 0.0000000000000000 0.0000000000000000 
15.7224204219259907 1.1779323423315342 0.0000000000000000 9.2835694937943227 1.0135472994221488 0.0000000000000000 
-15.7224204219259907 -1.1779323423315342 0.0000000000000000 -9.2835694937943227 -1.0135472994221488 0.0000000000000000 
12.6400000000000095
0.0000000000000000 0.0000000000000000 0.0000000000000000 0.0000000000000000 0.0000000000000000 0.0000000000000000 
16.4640148332869458 1.2589343768693169 0.0000000000000000 9.2699301420119600 1.0125254317222827 0.0000000000000000 
-16.4640148332869458 -1.2589343768693169 0.0000000000000000 -9.2699301420119600 -1.0125254317222827 0.0000000000000000 
12.7200000000000095
0.0000000000000000 0.0000000000000000 0.0000000000000000 0.0000000000000000 0.0000000000000000 0.0000000000000000 
17.2046145277278413 1.3398603495632175 0.0000000000000000 9.2574961805111897 1.0115746586737586 0.0000000000000000 
-17.2046145277278413 -1.3398603495632175 0.0000000000000000 -9.2574961805111897 -1.0115746586737586 0.0000000000000000 
12.8000000000000096
0.0000000000000000 0.0000000000000000 0.0000000000000000 0.0000000000000000 0.0000000000000000 0.0000000000000000 
17.9443035963394451 1.4207154045716339 0.0000000000000000 9.2461133576450294 1.0106881876052036 0.0000000000000000 
-17.9443035963394451 -1.4207154045716339 0.0000000000000000 -9.2461133576450294 -1.0106881876052036 0.0000000000000000 
12.8800000000000097
0.0000000000000000 0.0000000000000000 0.0000000000000000 0.0000000000000000 0.0000000000000000 0.0000000000000000 
18.6831558202019643 1.5015042035551298 0.0000000000000000 9.2356527982814764 1.0098599872936982 0.0000000000000000 
-18.6831558202019643 -1.5015042035551298 0.0000000000000000 -9.2356527982814764 -1.0098599872936982 0.0000000000000000 
12.9600000000000097
0.0000000000000000 0.0000000000000000 0.0000000000000000 0.0000000000000000 0.0000000000000000 0.0000000000000000 
19.4212362980019897 1.5822309798285406 0.0000000000000000 9.2260059725003121 1.0090847034176349 0.0000000000000000 
-19.4212362980019897 -1.5822309798285406 0.0000000000000000 -9.2260059725003121 -1.0090847034176349 0.0000000000000000 
13.0400000000000098
0.0000000000000000 0.0000000000000000 0.0000000000000000 0.0000000000000000 0.0000000000000000 0.0000000000000000 
20.1586027635157485 1.6628995861511833 0.0000000000000000 9.2170808189219802 1.0083575790330344 0.0000000000000000 
-20.1586027635157485 -1.6628995861511833 0.0000000000000000 -9.2170808189219802 -1.0083575790330344 0.0000000000000000 
13.1200000000000099
0.0000000000000000 0.0000000000000000 0.0000000000000000 0.0000000000000000 0.0000000000000000 0.0000000000000000 
20.8953066614576279 1.7435135367343384 0.0000000000000000 9.2087987242734837 1.0076743822894398 0.0000000000000000 
-20.8953066614576279 -1.7435135367343384 0.0000000000000000 -9.2087987242734837 -1.0076743822894398 0.0000000000000000 
13.2000000000000099
0.0000000000000000 0.0000000000000000 0.0000000000000000 0.0000000000000000 0.0000000000000000 0.0000000000000000 
21.6313940331324162 1.8240760440958248 0.0000000000000000 9.2010921459348562 1.0070313420185792 0.0000000000000000 
-21.6313940331324162 -1.8240760440958248 0.0000000000000000 -9.2010921459348562 -1.0070313420185792 0.0000000000000000 
13.2800000000000100
0.0000000000000000 0.0000000000000000 0.0000000000000000 0.0000000000000000 0.0000000000000000 0.0000000000000000 
22.3669062509664123 1.9045900513772398 0.0000000000000000 9.1939027229249408 1.0064250910176882 0.0000000000000000 
-22.3669062509664123 -1.9045900513772398 0.0000000000000000 -9.1939027229249408 -1.0064250910176882 0.0000000000000000 
13.3600000000000101
0.0000000000000000 0.0000000000000000 0.0000000000000000 0.0000000000000000 0.0000000000000000 0.0000000000000000 
23.1018806319180143 1.9850582606942884 0.0000000000000000 9.1871797618950204 1.0058526164631068 0.0000000000000000 
-23.1018806319180143 -1.9850582606942884 0.0000000000000000 -9.1871797618950204 -1.0058526164631068 0.0000000000000000 
13.4400000000000102
0.0000000000000000 0.0000000000000000 0.0000000000000000 0.0000000000000000 0.0000000000000000 0.0000000000000000 
23.8363509530288837 2.0654831580331185 0.0000000000000000 9.1808790138858782 1.0053112167353799 0.0000000000000000 
-23.8363509530288837 -2.0654831580331185 0.0000000000000000 -9.1808790138858782 -1.0053112167353799 0.0000000000000000 
13.5200000000000102
0.0000000000000000 0.0000000000000000 0.0000000000000000 0.0000000000000000 0.0000000000000000 0.0000000000000000 
24.5703478873164300 2.1458670351456259 0.0000000000000000 9.1749616785943413 1.0047984639063421 0.0000000000000000 
-24.5703478873164300 -2.1458670351456259 0.0000000000000000 -9.1749616785943413 -1.0047984639063421 0.0000000000000000 
13.6000000000000103
0.0000000000000000 0.0000000000000000 0.0000000000000000 0.0000000000000000 0.0000000000000000 0.0000000000000000 
25.3038993743702072 2.2262120088392958 0.0000000000000000 9.1693935881721984 1.0043121711708716 0.0000000000000000 
-25.3038993743702072 -2.2262120088392958 0.0000000000000000 -9.1693935881721984 -1.0043121711708716 0.0000000000000000 
13.6800000000000104
0.0000000000000000 0.0000000000000000 0.0000000000000000 0.0000000000000000 0.0000000000000000 0.0000000000000000 
26.0370309370760324 2.3065200380046784 0.0000000000000000 9.1641445338228351 1.0038503645672840 0.0000000000000000 
-26.0370309370760324 -2.3065200380046784 0.0000000000000000 -9.1641445338228351 -1.0038503645672840 0.0000000000000000 
13.7600000000000104
0.0000000000000000 0.0000000000000000 0.0000000000000000 0.0000000000000000 0.0000000000000000 0.0000000000000000 
26.7697659536216470 2.3867929386768498 0.0000000000000000 9.1591877068201963 1.0034112584021402 0.0000000000000000 
-26.7697659536216470 -2.3867929386768498 0.0000000000000000 -9.1591877068201963 -1.0034112584021402 0.0000000000000000 
13.8400000000000105
0.0000000000000000 0.0000000000000000 0.0000000000000000 0.0000000000000000 0.0000000000000000 0.0000000000000000 
27.5021258921696834 2.4670323973862627 0.0000000000000000 9.1544992318504619 1.0029932338676593 0.0000000000000000 
-27.5021258921696834 -2.4670323973862627 0.0000000000000000 -9.1544992318504619 -1.0029932338676593 0.0000000000000000 
13.9200000000000106
0.0000000000000000 0.0000000000000000 0.0000000000000000 0.0000000000000000 0.0000000000000000 0.0000000000000000 
28.2341305141961811 2.5472399830189030 0.0000000000000000 9.1500577753312289 1.0025948204080055 0.0000000000000000 
-28.2341305141961811 -2.5472399830189030 0.0000000000000000 -9.1500577753312289 -1.0025948204080055 0.0000000000000000 
14.0000000000000107
0.0000000000000000 0.0000000000000000 0.0000000000000000 0.0000000000000000 0.0000000000000000 0.0000000000000000 
28.9657980513958080 2.6274171573750835 0.0000000000000000 9.1458442149953427 1.0022146794522557 0.0000000000000000 
-28.9657980513958080 -2.6274171573750835 0.0000000000000000 -9.1458442149953427 -1.0022146794522557 0.0000000000000000 
14.0800000000000107
0.0000000000000000 0.0000000000000000 0.0000000000000000 0.0000000000000000 0.0000000000000000 0.0000000000000000 
29.6971453601817288 2.7075652845899780 0.0000000000000000 9.1418413598240011 1.0018515901861837 0.0000000000000000 
-29.6971453601817288 -2.7075652845899780 0.0000000000000000 -9.1418413598240011 -1.0018515901861837 0.0000000000000000 
14.1600000000000108
0.0000000000000000 0.0000000000000000 0.0000000000000000 0.0000000000000000 0.0000000000000000 0.0000000000000000 
30.4281880571084749 2.7876856395565581 0.0000000000000000 9.1380337115843151 1.0015044370822519 0.0000000000000000 
-30.4281880571084749 -2.7876856395565581 0.0000000000000000 -9.1380337115843151 -1.0015044370822519 0.0000000000000000 
14.2400000000000109
0.0000000000000000 0.0000000000000000 0.0000000000000000 0.0000000000000000 0.0000000000000000 0.0000000000000000 
31.1589406379822940 2.8677794154723903 0.0000000000000000 9.1344072609227602 1.0011721989479008 0.0000000000000000 
-31.1589406379822940 -2.8677794154723903 0.0000000000000000 -9.1344072609227602 -1.0011721989479008 0.0000000000000000 
14.3200000000000109
0.0000000000000000 0.0000000000000000 0.0000000000000000 0.0000000000000000 0.0000000000000000 0.0000000000000000 
31.8894165829663230 2.9478477306153565 0.0000000000000000 9.1309493123003431 1.0008539392870752 0.0000000000000000 
-31.8894165829663230 -2.9478477306153565 0.0000000000000000 -9.1309493123003431 -1.0008539392870752 0.0000000000000000 
14.4000000000000110
0.0000000000000000 0.0000000000000000 0.0000000000000000 0.0000000000000000 0.0000000000000000 0.0000000000000000 
32.6196284496152629 3.0278916344393272 0.0000000000000000 9.1276483331117628 1.0005487977996306 0.0000000000000000 
-32.6196284496152629 -3.0278916344393272 0.0000000000000000 -9.1276483331117628 -1.0005487977996306 0.0000000000000000 
14.4800000000000111
0.0000000000000000 0.0000000000000000 0.0000000000000000 0.0000000000000000 0.0000000000000000 0.0000000000000000 
33.3495879554690404 3.1079121130688105 0.0000000000000000 9.1244938231722550 1.0002559828685427 0.0000000000000000 
-33.3495879554690404 -3.1079121130688105 0.0000000000000000 -9.1244938231722550 -1.0002559828685427 0.0000000000000000 
14.5600000000000112
0.0000000000000000 0.0000000000000000 0.0000000000000000 0.0000000000000000 0.0000000000000000 0.0000000000000000 
34.0793060515834298 3.1879100942613157 0.0000000000000000 9.1214762014298341 0.9999747649063161 0.0000000000000000 
-34.0793060515834298 -3.1879100942613157 0.0000000000000000 -9.1214762014298341 -0.9999747649063161 0.0000000000000000 
14.6400000000000112
0.0000000000000000 0.0000000000000000 0.0000000000000000 0.0000000000000000 0.0000000000000000 0.0000000000000000 
34.8087929881677027 3.2678864518973345 0.0000000000000000 9.1185867073034430 0.9997044704502351 0.0000000000000000 
-34.8087929881677027 -3.2678864518973345 0.0000000000000000 -9.1185867073034430 -0.9997044704502351 0.0000000000000000 
14.7200000000000113
0.0000000000000000 0.0000000000000000 0.0000000000000000 0.0000000000000000 0.0000000000000000 0.0000000000000000 
35.5380583733266633 3.3478420100502619 0.0000000000000000 9.1158173144870212 0.9994444769115955 0.0000000000000000 
-35.5380583733266633 -3.3478420100502619 0.0000000000000000 -9.1158173144870212 -0.9994444769115955 0.0000000000000000 
14.8000000000000114
0.0000000000000000 0.0000000000000000 0.0000000000000000 0.0000000000000000 0.0000000000000000 0.0000000000000000 
36.2671112257600186 3.4277775466820413 0.0000000000000000 9.1131606554169515 0.9991942078972411 0.0000000000000000 
-36.2671112257600186 -3.4277775466820413 0.0000000000000000 -9.1131606554169515 -0.9991942078972411 0.0000000000000000 
14.8800000000000114
0.0000000000000000 0.0000000000000000 0.0000000000000000 0.0000000000000000 0.0000000000000000 0.0000000000000000 
36.9959600221514293 3.5076937970046767 0.0000000000000000 9.1106099548926043 0.9989531290329433 0.0000000000000000 
-36.9959600221514293 -3.5076937970046767 0.0000000000000000 -9.1106099548926043 -0.9989531290329433 0.0000000000000000 
14.9600000000000115
0.0000000000000000 0.0000000000000000 0.0000000000000000 0.0000000000000000 0.0000000000000000 0.0000000000000000 
37.7246127398777986 3.5875914565428948 0.0000000000000000 9.1081589715796216 0.9987207442277277 0.0000000000000000 
-37.7246127398777986 -3.5875914565428948 0.0000000000000000 -9.1081589715796216 -0.9987207442277277 0.0000000000000000 
15.0400000000000116
0.0000000000000000 0.0000000000000000 0.0000000000000000 0.0000000000000000 0.0000000000000000 0.0000000000000000 
38.4530768955836706 3.6674711839290075 0.0000000000000000 9.1058019463233908 0.9984965923264102 0.0000000000000000 
-38.4530768955836706 -3.6674711839290075 0.0000000000000000 -9.1058019463233908 -0.9984965923264102 0.0000000000000000 
15.1200000000000117
0.0000000000000000 0.0000000000000000 0.0000000000000000 0.0000000000000000 0.0000000000000000 0.0000000000000000 
39.1813595800927885 3.7473336034573745 0.0000000000000000 9.1035335563639919 0.9982802441045865 0.0000000000000000 
-39.1813595800927885 -3.7473336034573745 0.0000000000000000 -9.1035335563639919 -0.9982802441045865 0.0000000000000000 
15.2000000000000117
0.0000000000000000 0.0000000000000000 0.0000000000000000 0.0000000000000000 0.0000000000000000 0.0000000000000000 
39.9094674900671933 3.8271793074226781 0.0000000000000000 9.1013488746800384 0.9980712995662939 0.0000000000000000 
-39.9094674900671933 -3.8271793074226781 0.0000000000000000 -9.1013488746800384 -0.9980712995662939 0.0000000000000000 
15.2800000000000118
0.0000000000000000 0.0000000000000000 0.0000000000000000 0.0000000000000000 0.0000000000000000 0.0000000000000000 
40.6374069567713860 3.9070088582634535 0.0000000000000000 9.0992433338024394 0.9978693855096936 0.0000000000000000 
-40.6374069567713860 -3.9070088582634535 0.0000000000000000 -9.0992433338024394 -0.9978693855096936 0.0000000000000000 
15.3600000000000119
0.0000000000000000 0.0000000000000000 0.0000000000000000 0.0000000000000000 0.0000000000000000 0.0000000000000000 
41.3651839722541297 3.9868227905298959 0.0000000000000000 9.0972126935342530 0.9976741533305296 0.0000000000000000 
-41.3651839722541297 -3.9868227905298959 0.0000000000000000 -9.0972126935342530 -0.9976741533305296 0.0000000000000000 
15.4400000000000119
0.0000000000000000 0.0000000000000000 0.0000000000000000 0.0000000000000000 0.0000000000000000 0.0000000000000000 
42.0928042132215481 4.0666216126928489 0.0000000000000000 9.0952530120927193 0.9974852770369168 0.0000000000000000 
-42.0928042132215481 -4.0666216126928489 0.0000000000000000 -9.0952530120927193 -0.9974852770369168 0.0000000000000000 
15.5200000000000120
0.0000000000000000 0.0000000000000000 0.0000000000000000 0.0000000000000000 0.0000000000000000 0.0000000000000000 
42.8202730628421051 4.1464058088090319 0.0000000000000000 9.0933606202569734 0.9973024514522886 0.0000000000000000 
-42.8202730628421051 -4.1464058088090319 0.0000000000000000 -9.0933606202569734 -0.9973024514522886 0.0000000000000000 
15.6000000000000121
0.0000000000000000 0.0000000000000000 0.0000000000000000 0.0000000000000000 0.0000000000000000 0.0000000000000000 
43.5475956306950636 4.2261758400559248 0.0000000000000000 9.0915320981619647 0.9971253905861621 0.0000000000000000 
-43.5475956306950636 -4.2261758400559248 0.0000000000000000 -9.0915320981619647 -0.9971253905861621 0.0000000000000000 
15.6800000000000122
0.0000000000000000 0.0000000000000000 0.0000000000000000 0.0000000000000000 0.0000000000000000 0.0000000000000000 
44.2747767710492610 4.3059321461483115 0.0000000000000000 9.0897642544274273 0.9969538261548384 0.0000000000000000 
-44.2747767710492610 -4.3059321461483115 0.0000000000000000 -9.0897642544274273 -0.9969538261548384 0.0000000000000000 
15.7600000000000122
0.0000000000000000 0.0000000000000000 0.0000000000000000 0.0000000000000000 0.0000000000000000 0.0000000000000000 
45.0018210996374179 4.3856751466472135 0.0000000000000000 9.0880541073519634 0.9967875062362772 0.0000000000000000 
-45.0018210996374179 -4.3856751466472135 0.0000000000000000 -9.0880541073519634 -0.9967875062362772 0.0000000000000000 
15.8400000000000123
0.0000000000000000 0.0000000000000000 0.0000000000000000 0.0000000000000000 0.0000000000000000 0.0000000000000000 
45.7287330090724069 4.4654052421708323 0.0000000000000000 9.0863988679374028 0.9966261940452413 0.0000000000000000 
-45.7287330090724069 -4.4654052421708323 0.0000000000000000 -9.0863988679374028 -0.9966261940452413 0.0000000000000000 
15.9200000000000124
0.0000000000000000 0.0000000000000000 0.0000000000000000 0.0000000000000000 0.0000000000000000 0.0000000000000000 
46.4555166830354977 4.5451228155161454 0.0000000000000000 9.0847959245386622 0.9964696668164151 0.0000000000000000 
-46.4555166830354977 -4.5451228155161454 0.0000000000000000 -9.0847959245386622 -0.9964696668164151 0.0000000000000000 
16.0000000000000107
0.0000000000000000 0.0000000000000000 0.0000000000000000 0.0000000000000000 0.0000000000000000 0.0000000000000000 
47.1821761093523051 4.6248282326989143 0.0000000000000000 9.0832428289601346 0.9963177147846078 0.0000000000000000 
-47.1821761093523051 -4.6248282326989143 0.0000000000000000 -9.0832428289601346 -0.9963177147846078 0.0000000000000000 
16.0800000000000090
0.0000000000000000 0.0000000000000000 0.0000000000000000 0.0000000000000000 0.0000000000000000 0.0000000000000000 
47.9087150920596514 4.7045218439191050 0.0000000000000000 9.0817372838418482 0.9961701402523837 0.0000000000000000 
-47.9087150920596514 -4.7045218439191050 0.0000000000000000 -9.0817372838418482 -0.9961701402523837 0.0000000000000000 
16.1600000000000072
0.0000000000000000 0.0000000000000000 0.0000000000000000 0.0000000000000000 0.0000000000000000 0.0000000000000000 
48.6351372625554745 4.7842039844580277 0.0000000000000000 9.0802771311977448 0.9960267567365361 0.0000000000000000 
-48.6351372625554745 -4.7842039844580277 0.0000000000000000 -9.0802771311977448 -0.9960267567365361 0.0000000000000000 
16.2400000000000055
0.0000000000000000 0.0000000000000000 0.0000000000000000 0.0000000000000000 0.0000000000000000 0.0000000000000000 
49.3614460899142742 4.8638749755128892 0.0000000000000000 9.0788603419850009 0.9958873881857668 0.0000000000000000 
-49.3614460899142742 -4.8638749755128892 0.0000000000000000 -9.0788603419850009 -0.9958873881857668 0.0000000000000000 
16.3200000000000038
0.0000000000000000 0.0000000000000000 0.0000000000000000 0.0000000000000000 0.0000000000000000 0.0000000000000000 
50.0876448904420855 4.9435351249739101 0.0000000000000000 9.0774850065976622 0.9957518682627640 0.0000000000000000 
-50.0876448904420855 -4.9435351249739101 0.0000000000000000 -9.0774850065976622 -0.9957518682627640 0.0000000000000000 
16.4000000000000021
0.0000000000000000 0.0000000000000000 0.0000000000000000 0.0000000000000000 0.0000000000000000 0.0000000000000000 
50.8137368365373092 5.0231847281486779 0.0000000000000000 9.0761493261902917 0.9956200396845982 0.0000000000000000 
-50.8137368365373092 -5.0231847281486779 0.0000000000000000 -9.0761493261902917 -0.9956200396845982 0.0000000000000000 
16.4800000000000004
0.0000000000000000 0.0000000000000000 0.0000000000000000 0.0000000000000000 0.0000000000000000 0.0000000000000000 
51.5397249649171698 5.1028240684379584 0.0000000000000000 9.0748516047482166 0.9954917536160063 0.0000000000000000 
-51.5397249649171698 -5.1028240684379584 0.0000000000000000 -9.0748516047482166 -0.9954917536160063 0.0000000000000000 
16.5599999999999987
0.0000000000000000 0.0000000000000000 0.0000000000000000 0.0000000000000000 0.0000000000000000 0.0000000000000000 
52.2656121842636026 5.1824534179668138 0.0000000000000000 9.0735902418303702 0.9953668691106932 0.0000000000000000 
-52.2656121842636026 -5.1824534179668138 0.0000000000000000 -9.0735902418303702 -0.9953668691106932 0.0000000000000000 
16.6399999999999970
0.0000000000000000 0.0000000000000000 0.0000000000000000 0.0000000000000000 0.0000000000000000 0.0000000000000000 
52.9914012823371294 5.2620730381745169 0.0000000000000000 9.0723637259190468 0.9952452525962933 0.0000000000000000 
-52.9914012823371294 -5.2620730381745169 0.0000000000000000 -9.0723637259190468 -0.9952452525962933 0.0000000000000000 
16.7199999999999953
0.0000000000000000 0.0000000000000000 0.0000000000000000 0.0000000000000000 0.0000000000000000 0.0000000000000000 
53.7170949326025777 5.3416831803664424 0.0000000000000000 9.0711706283180806 0.9951267773990720 0.0000000000000000 
-53.7170949326025777 -5.3416831803664424 0.0000000000000000 -9.0711706283180806 -0.9951267773990720 0.0000000000000000 
16.7999999999999936
0.0000000000000000 0.0000000000000000 0.0000000000000000 0.0000000000000000 0.0000000000000000 0.0000000000000000 
54.4426957004063681 5.4212840862308305 0.0000000000000000 9.0700095975473456 0.9950113233048454 0.0000000000000000 
-54.4426957004063681 -5.4212840862308305 0.0000000000000000 -9.0700095975473456 -0.9950113233048454 0.0000000000000000 
16.8799999999999919
0.0000000000000000 0.0000000000000000 0.0000000000000000 0.0000000000000000 0.0000000000000000 0.0000000000000000 
55.1682060487413324 5.5008759883230667 0.0000000000000000 9.0688793541870645 0.9948987761529487 0.0000000000000000 
-55.1682060487413324 -5.5008759883230667 0.0000000000000000 -9.0688793541870645 -0.9948987761529487 0.0000000000000000 
16.9599999999999902
0.0000000000000000 0.0000000000000000 0.0000000000000000 0.0000000000000000 0.0000000000000000 0.0000000000000000 
55.8936283436317538 5.5804591105198984 0.0000000000000000 9.0677786861303105 0.9947890274603927 0.0000000000000000 
-55.8936283436317538 -5.5804591105198984 0.0000000000000000 -9.0677786861303105 -0.9947890274603927 0.0000000000000000 
17.0399999999999885
0.0000000000000000 0.0000000000000000 0.0000000000000000 0.0000000000000000 0.0000000000000000 0.0000000000000000 
56.6189648591682726 5.6600336684457888 0.0000000000000000 9.0667064442064547 0.9946819740736295 0.0000000000000000 
-56.6189648591682726 -5.6600336684457888 0.0000000000000000 -9.0667064442064547 -0.9946819740736295 0.0000000000000000 
17.1199999999999868
0.0000000000000000 0.0000000000000000 0.0000000000000000 0.0000000000000000 0.0000000000000000 0.0000000000000000 
57.3442177822196442 5.7395998698734365 0.0000000000000000 9.0656615381421410 0.9945775178455954 0.0000000000000000 
-57.3442177822196442 -5.7395998698734365 0.0000000000000000 -9.0656615381421410 -0.9945775178455954 0.0000000000000000 
17.1999999999999851
0.0000000000000000 0.0000000000000000 0.0000000000000000 0.0000000000000000 0.0000000000000000 0.0000000000000000 
58.0693892168460266 5.8191579151003099 0.0000000000000000 9.0646429328297771 0.9944755653359195 0.0000000000000000 
-58.0693892168460266 -5.8191579151003099 0.0000000000000000 -9.0646429328297771 -0.9944755653359195 0.0000000000000000 
17.2799999999999834
0.0000000000000000 0.0000000000000000 0.0000000000000000 0.0000000000000000 0.0000000000000000 0.0000000000000000 
58.7944811884361513 5.8987079973029006 0.0000000000000000 9.0636496448765271 0.9943760275323869 0.0000000000000000 
-58.7944811884361513 -5.8987079973029006 0.0000000000000000 -9.0636496448765271 -0.9943760275323869 0.0000000000000000 
17.3599999999999817
0.0000000000000000 0.0000000000000000 0.0000000000000000 0.0000000000000000 0.0000000000000000 0.0000000000000000 
59.5194956475889114 5.9782503028702543 0.0000000000000000 9.0626807394095010 0.9942788195919229 0.0000000000000000 
-59.5194956475889114 -5.9782503028702543 0.0000000000000000 -9.0626807394095010 -0.9942788195919229 0.0000000000000000 
17.4399999999999800
0.0000000000000000 0.0000000000000000 0.0000000000000000 0.0000000000000000 0.0000000000000000 0.0000000000000000 
60.2444344737581261 6.0577850117182157 0.0000000000000000 9.0617353271151835 0.9941838605995231 0.0000000000000000 
-60.2444344737581261 -6.0577850117182157 0.0000000000000000 -9.0617353271151835 -0.9941838605995231 0.0000000000000000 
17.5199999999999783
0.0000000000000000 0.0000000000000000 0.0000000000000000 0.0000000000000000 0.0000000000000000 0.0000000000000000 
60.9692994786775913 6.1373122975857113 0.0000000000000000 9.0608125614932966 0.9940910733436974 0.0000000000000000 
-60.9692994786775913 -6.1373122975857113 0.0000000000000000 -9.0608125614932966 -0.9940910733436974 0.0000000000000000 
17.5999999999999766
0.0000000000000000 0.0000000000000000 0.0000000000000000 0.0000000000000000 0.0000000000000000 0.0000000000000000 
61.6940924095821615 6.2168323283142817 0.0000000000000000 9.0599116363071701 0.9940003841071260 0.0000000000000000 
-61.6940924095821615 -6.2168323283142817 0.0000000000000000 -9.0599116363071701 -0.9940003841071260 0.0000000000000000 
17.6799999999999748
0.0000000000000000 0.0000000000000000 0.0000000000000000 0.0000000000000000 0.0000000000000000 0.0000000000000000 
62.4188149522393161 6.2963452661119890 0.0000000000000000 9.0590317832143956 0.9939117224713407 0.0000000000000000 
-62.4188149522393161 -6.2963452661119890 0.0000000000000000 -9.0590317832143956 -0.9939117224713407 0.0000000000000000 
17.7599999999999731
0.0000000000000000 0.0000000000000000 0.0000000000000000 0.0000000000000000 0.0000000000000000 0.0000000000000000 
63.1434687338043616 6.3758512678027373 0.0000000000000000 9.0581722695630429 0.9938250211343481 0.0000000000000000 
-63.1434687338043616 -6.3758512678027373 0.0000000000000000 -9.0581722695630429 -0.9938250211343481 0.0000000000000000 
17.8399999999999714
0.0000000000000000 0.0000000000000000 0.0000000000000000 0.0000000000000000 0.0000000000000000 0.0000000000000000 
63.8680553255115697 6.4553504850619534 0.0000000000000000 9.0573323963400849 0.9937402157402073 0.0000000000000000 
-63.8680553255115697 -6.4553504850619534 0.0000000000000000 -9.0573323963400849 -0.9937402157402073 0.0000000000000000 
17.9199999999999697
0.0000000000000000 0.0000000000000000 0.0000000000000000 0.0000000000000000 0.0000000000000000 0.0000000000000000 
64.5925762452123564 6.5348430646395261 0.0000000000000000 9.0565114962599029 0.9936572447196591 0.0000000000000000 
-64.5925762452123564 -6.5348430646395261 0.0000000000000000 -9.0565114962599029 -0.9936572447196591 0.0000000000000000 
17.9999999999999680
0.0000000000000000 0.0000000000000000 0.0000000000000000 0.0000000000000000 0.0000000000000000 0.0000000000000000 
65.3170329597708985 6.6143291485708042 0.0000000000000000 9.0557089319818189 0.9935760491409806 0.0000000000000000 
-65.3170329597708985 -6.6143291485708042 0.0000000000000000 -9.0557089319818189 -0.9935760491409806 0.0000000000000000 
18.0799999999999663
0.0000000000000000 0.0000000000000000 0.0000000000000000 0.0000000000000000 0.0000000000000000 0.0000000000000000 
66.0414268873266224 6.6938088743764288 0.0000000000000000 9.0549240944465943 0.9934965725703084 0.0000000000000000 
-66.0414268873266224 -6.6938088743764288 0.0000000000000000 -9.0549240944465943 -0.9934965725703084 0.0000000000000000 
18.1599999999999646
0.0000000000000000 0.0000000000000000 0.0000000000000000 0.0000000000000000 0.0000000000000000 0.0000000000000000 
66.7657593994324401 6.7732823752516875 0.0000000000000000 9.0541564013227394 0.9934187609407380 0.0000000000000000 
-66.7657593994324401 -6.7732823752516875 0.0000000000000000 -9.0541564013227394 -0.9934187609407380 0.0000000000000000 
18.2399999999999629
0.0000000000000000 0.0000000000000000 0.0000000000000000 0.0000000000000000 0.0000000000000000 0.0000000000000000 
67.4900318230767766 6.8527497802460529 0.0000000000000000 9.0534052955542403 0.9933425624295628 0.0000000000000000 
-67.4900318230767766 -6.8527497802460529 0.0000000000000000 -9.0534052955542403 -0.9933425624295628 0.0000000000000000 
18.3199999999999612
0.0000000000000000 0.0000000000000000 0.0000000000000000 0.0000000000000000 0.0000000000000000 0.0000000000000000 
68.2142454425969476 6.9322112144334982 0.0000000000000000 9.0526702440020816 0.9932679273430698 0.0000000000000000 
-68.2142454425969476 -6.9322112144334982 0.0000000000000000 -9.0526702440020816 -0.9932679273430698 0.0000000000000000 
18.3999999999999595
0.0000000000000000 0.0000000000000000 0.0000000000000000 0.0000000000000000 0.0000000000000000 0.0000000000000000 
68.9384015014907447 7.0116667990741668 0.0000000000000000 9.0519507361725324 0.9931948080083545 0.0000000000000000 
-68.9384015014907447 -7.0116667990741668 0.0000000000000000 -9.0519507361725324 -0.9931948080083545 0.0000000000000000 
18.4799999999999578
0.0000000000000000 0.0000000000000000 0.0000000000000000 0.0000000000000000 0.0000000000000000 0.0000000000000000 
69.6625012041328091 7.0911166517678996 0.0000000000000000 9.0512462830258311 0.9931231586716618 0.0000000000000000 
-69.6625012041328091 -7.0911166517678996 0.0000000000000000 -9.0512462830258311 -0.9931231586716618 0.0000000000000000 
18.5599999999999561
0.0000000000000000 0.0000000000000000 0.0000000000000000 0.0000000000000000 0.0000000000000000 0.0000000000000000 
70.3865457174015603 7.1705608866001231 0.0000000000000000 9.0505564158593579 0.9930529354027993 0.0000000000000000 
-70.3865457174015603 -7.1705608866001231 0.0000000000000000 -9.0505564158593579 -0.9930529354027993 0.0000000000000000 
18.6399999999999544
0.0000000000000000 0.0000000000000000 0.0000000000000000 0.0000000000000000 0.0000000000000000 0.0000000000000000 
71.1105361722223535 7.2499996142805392 0.0000000000000000 9.0498806852599429 0.9929840960052034 0.0000000000000000 
-71.1105361722223535 -7.2499996142805392 0.0000000000000000 -9.0498806852599429 -0.9929840960052034 0.0000000000000000 
18.7199999999999527
0.0000000000000000 0.0000000000000000 0.0000000000000000 0.0000000000000000 0.0000000000000000 0.0000000000000000 
71.8344736650319788 7.3294329422750408 0.0000000000000000 9.0492186601203493 0.9929165999312731 0.0000000000000000 
-71.8344736650319788 -7.3294329422750408 0.0000000000000000 -9.0492186601203493 -0.9929165999312731 0.0000000000000000 
18.7999999999999510
0.0000000000000000 0.0000000000000000 0.0000000000000000 0.0000000000000000 0.0000000000000000 0.0000000000000000 
72.5583592591692081 7.4088609749312502 0.0000000000000000 9.0485699267153805 0.9928504082026151 0.0000000000000000 
-72.5583592591692081 -7.4088609749312502 0.0000000000000000 -9.0485699267153805 -0.9928504082026151 0.0000000000000000 
18.8799999999999493
0.0000000000000000 0.0000000000000000 0.0000000000000000 0.0000000000000000 0.0000000000000000 0.0000000000000000 
73.2821939861958782 7.4882838135980396 0.0000000000000000 9.0479340878334522 0.9927854833348705 0.0000000000000000 
-73.2821939861958782 -7.4882838135980396 0.0000000000000000 -9.0479340878334522 -0.9927854833348705 0.0000000000000000 
18.9599999999999476
0.0000000000000000 0.0000000000000000 0.0000000000000000 0.0000000000000000 0.0000000000000000 0.0000000000000000 
74.0059788471526616 7.5677015567393857 0.0000000000000000 9.0473107619597624 0.9927217892668213 0.0000000000000000 
-74.0059788471526616 -7.5677015567393857 0.0000000000000000 -9.0473107619597624 -0.9927217892668213 0.0000000000000000 
19.0399999999999459
0.0000000000000000 0.0000000000000000 0.0000000000000000 0.0000000000000000 0.0000000000000000 0.0000000000000000 
74.7297148137532616 7.6471143000428654 0.0000000000000000 9.0466995825075216 0.9926592912934925 0.0000000000000000 
-74.7297148137532616 -7.6471143000428654 0.0000000000000000 -9.0466995825075216 -0.9926592912934925 0.0000000000000000 
19.1199999999999442
0.0000000000000000 0.0000000000000000 0.0000000000000000 0.0000000000000000 0.0000000000000000 0.0000000000000000 
75.4534028295207833 7.7265221365231049 0.0000000000000000 9.0461001970939794 0.9925979560029918 0.0000000000000000 
-75.4534028295207833 -7.7265221365231049 0.0000000000000000 -9.0461001970939794 -0.9925979560029918 0.0000000000000000 
19.1999999999999424
0.0000000000000000 0.0000000000000000 0.0000000000000000 0.0000000000000000 0.0000000000000000 0.0000000000000000 
76.1770438108694350 7.8059251566204528 0.0000000000000000 9.0455122668582124 0.9925377512168452 0.0000000000000000 
-76.1770438108694350 -7.8059251566204528 0.0000000000000000 -9.0455122668582124 -0.9925377512168452 0.0000000000000000 
19.2799999999999407
0.0000000000000000 0.0000000000000000 0.0000000000000000 0.0000000000000000 0.0000000000000000 0.0000000000000000 
76.9006386481348727 7.8853234482951411 0.0000000000000000 9.0449354658179022 0.9924786459336039 0.0000000000000000 
-76.9006386481348727 -7.8853234482951411 0.0000000000000000 -9.0449354658179022 -0.9924786459336039 0.0000000000000000 
19.3599999999999390
0.0000000000000000 0.0000000000000000 0.0000000000000000 0.0000000000000000 0.0000000000000000 0.0000000000000000 
77.6241882065558713 7.9647170971171821 0.0000000000000000 9.0443694802625245 0.9924206102755174 0.0000000000000000 
-77.6241882065558713 -7.9647170971171821 0.0000000000000000 -9.0443694802625245 -0.9924206102755174 0.0000000000000000 
19.4399999999999373
0.0000000000000000 0.0000000000000000 0.0000000000000000 0.0000000000000000 0.0000000000000000 0.0000000000000000 
78.3476933272103224 8.0441061863522290 0.0000000000000000 9.0438140081805560 0.9923636154380776 0.0000000000000000 
-78.3476933272103224 -8.0441061863522290 0.0000000000000000 -9.0438140081805560 -0.9923636154380776 0.0000000000000000 
19.5199999999999356
0.0000000000000000 0.0000000000000000 0.0000000000000000 0.0000000000000000 0.0000000000000000 0.0000000000000000 
79.0711548279078045 8.1234907970436101 0.0000000000000000 9.0432687587185008 0.9923076336422575 0.0000000000000000 
-79.0711548279078045 -8.1234907970436101 0.0000000000000000 -9.0432687587185008 -0.9923076336422575 0.0000000000000000 
19.5999999999999339
0.0000000000000000 0.0000000000000000 0.0000000000000000 0.0000000000000000 0.0000000000000000 0.0000000000000000 
79.7945735040413808 8.2028710080907530 0.0000000000000000 9.0427334516696920 0.9922526380892768 0.0000000000000000 
-79.7945735040413808 -8.2028710080907530 0.0000000000000000 -9.0427334516696920 -0.9922526380892768 0.0000000000000000 
19.6799999999999322
0.0000000000000000 0.0000000000000000 0.0000000000000000 0.0000000000000000 0.0000000000000000 0.0000000000000000 
80.5179501294006599 8.2822468963241729 0.0000000000000000 9.0422078169909650 0.9921986029177403 0.0000000000000000 
-80.5179501294006599 -8.2822468963241729 0.0000000000000000 -9.0422078169909650 -0.9921986029177403 0.0000000000000000 
19.7599999999999305
0.0000000000000000 0.0000000000000000 0.0000000000000000 0.0000000000000000 0.0000000000000000 0.0000000000000000 
81.2412854569482903 8.3616185365772129 0.0000000000000000 9.0416915943454530 0.9921455031630058 0.0000000000000000 
-81.2412854569482903 -8.3616185365772129 0.0000000000000000 -9.0416915943454530 -0.9921455031630058 0.0000000000000000 
19.8399999999999288
0.0000000000000000 0.0000000000000000 0.0000000000000000 0.0000000000000000 0.0000000000000000 0.0000000000000000 
81.9645802195618813 8.4409860017547054 0.0000000000000000 9.0411845326698632 0.9920933147186458 0.0000000000000000 
-81.9645802195618813 -8.4409860017547054 0.0000000000000000 -9.0411845326698632 -0.9920933147186458 0.0000000000000000 
19.9199999999999271
0.0000000000000000 0.0000000000000000 0.0000000000000000 0.0000000000000000 0.0000000000000000 0.0000000000000000 
82.6878351307430535 8.5203493628986955 0.0000000000000000 9.0406863897647209 0.9920420142998806 0.0000000000000000 
-82.6878351307430535 -8.5203493628986955 0.0000000000000000 -9.0406863897647209 -0.9920420142998806 0.0000000000000000 
19.9999999999999254
0.0000000000000000 0.0000000000000000 0.0000000000000000 0.0000000000000000 0.0000000000000000 0.0000000000000000 
83.4110508852955519 8.5997086892514041 0.0000000000000000 9.0401969319061735 0.9919915794088637 0.0000000000000000 
-83.4110508852955519 -8.5997086892514041 0.0000000000000000 -9.0401969319061735 -0.9919915794088637 0.0000000000000000 
20.0799999999999237
0.0000000000000000 0.0000000000000000 0.0000000000000000 0.0000000000000000 0.0000000000000000 0.0000000000000000 
84.1342281599738016 8.6790640483155403 0.0000000000000000 9.0397159334780337 0.9919419883017132 0.0000000000000000 
-84.1342281599738016 -8.6790640483155403 0.0000000000000000 -9.0397159334780337 -0.9919419883017132 0.0000000000000000 
