3 3
4.0000000000000000 1.0000000000000000 1.0000000000000000 
0.0000000000000000
0.0000000000000000 0.0000000000000000 0.0000000000000000 0.0000000000000000 0.0000000000000000 0.0000000000000000 
1.0000000000000000 0.0000000000000000 0.0000000000000000 0.0000000000000000 5.0000000000000000 0.0000000000000000 
-1.0000000000000000 0.0000000000000000 0.0000000000000000 0.0000000000000000 -5.0000000000000000 0.0000000000000000 
0.1600000000000000
0.0000000000000000 0.0000000000000000 0.0000000000000000 0.0000000000000000 0.0000000000000000 0.0000000000000000 
0.4557086730260290 0.6739392004750134 0.0000000000000000 -6.5423826614763056 1.2965122125058193 0.0000000000000000 
-0.4557086730260290 -0.6739392004750134 0.0000000000000000 6.5423826614763056 -1.2965122125058193 0.0000000000000000 
0.2400000000000000
0.0000000000000000 0.0000000000000000 0.0000000000000000 0.0000000000000000 0.0000000000000000 0.0000000000000000 
-0.1827812258362090 0.6074419540009310 0.0000000000000000 -6.7638111207476976 -4.8767446013222244 0.0000000000000000 
0.1827812258362090 -0.6074419540009310 0.0000000000000000 6.7638111207476976 4.8767446013222244 0.0000000000000000 
0.3200000000000000
0.0000000000000000 0.0000000000000000 0.0000000000000000 0.0000000000000000 0.0000000000000000 0.0000000000000000 
-0.6265011062936027 -0.1063399357365425 0.0000000000000000 -1.3959812282248041 -8.2177804673916768 0.0000000000000000 
0.6265011062936027 0.1063399357365425 0.0000000000000000 1.3959812282248041 8.2177804673916768 0.0000000000000000 
0.4000000000000000
0.0000000000000000 0.0000000000000000 0.0000000000000000 0.0000000000000000 0.0000000000000000 0.0000000000000000 
-0.4061382223521776 -0.7074029207817373 0.0000000000000000 4.0266638797767129 -5.2975221046148233 0.0000000000000000 
0.4061382223521776 0.7074029207817373 0.0000000000000000 -4.0266638797767129 5.2975221046148233 0.0000000000000000 
0.4800000000000000
0.0000000000000000 0.0000000000000000 0.0000000000000000 0.0000000000000000 0.0000000000000000 0.0000000000000000 
0.0177651144706714 -0.9539434724749143 0.0000000000000000 5.2640202345559084 -1.2146131546801329 0.0000000000000000 
-0.0177651144706714 0.9539434724749143 0.0000000000000000 -5.2640202345559084 1.2146131546801329 0.0000000000000000 
0.5600000000000001
0.0000000000000000 0.0000000000000000 0.0000000000000000 0.0000000000000000 0.0000000000000000 0.0000000000000000 
0.4361050151767678 -0.9017410255305585 0.0000000000000000 4.4915519555372425 2.1778775761271252 0.0000000000000000 
-0.4361050151767678 0.9017410255305585 0.0000000000000000 -4.4915519555372425 -2.1778775761271252 0.0000000000000000 
0.6400000000000000
0.0000000000000000 0.0000000000000000 0.0000000000000000 0.0000000000000000 0.0000000000000000 0.0000000000000000 
0.7364134273566302 -0.6054830602945742 0.0000000000000000 2.3091271447697155 4.8910876634942877 0.0000000000000000 
-0.7364134273566302 0.6054830602945742 0.0000000000000000 -2.3091271447697155 -4.8910876634942877 0.0000000000000000 
0.7200000000000000
0.0000000000000000 0.0000000000000000 0.0000000000000000 0.0000000000000000 0.0000000000000000 0.0000000000000000 
0.8055653583399223 -0.1191669993714724 0.0000000000000000 -1.6715788575615911 6.4540970919885527 0.0000000000000000 
-0.8055653583399223 0.1191669993714724 0.0000000000000000 1.6715788575615911 -6.4540970919885527 0.0000000000000000 
0.7999999999999999
0.0000000000000000 0.0000000000000000 0.0000000000000000 0.0000000000000000 0.0000000000000000 0.0000000000000000 
0.4689608101467756 0.4271724744235942 0.0000000000000000 -7.3307410675430793 3.9843610774942038 0.0000000000000000 
-0.4689608101467756 -0.4271724744235942 0.0000000000000000 7.3307410675430793 -3.9843610774942038 0.0000000000000000 
0.8799999999999999
0.0000000000000000 0.0000000000000000 0.0000000000000000 0.0000000000000000 0.0000000000000000 0.0000000000000000 
-0.3673532124669704 0.5183307730276002 0.0000000000000000 -8.0184622764436089 -2.2969290076215119 0.0000000000000000 
0.3673532124669704 -0.5183307730276002 0.0000000000000000 8.0184622764436089 2.2969290076215119 0.0000000000000000 
0.9599999999999999
0.0000000000000000 0.0000000000000000 0.0000000000000000 0.0000000000000000 0.0000000000000000 0.0000000000000000 
-0.8139931540842019 0.0596638332041524 0.0000000000000000 -3.0378287816560801 -5.9198919132064738 0.0000000000000000 
0.8139931540842019 -0.0596638332041524 0.0000000000000000 3.0378287816560801 5.9198919132064738 0.0000000000000000 
1.0399999999999998
0.0000000000000000 0.0000000000000000 0.0000000000000000 0.0000000000000000 0.0000000000000000 0.0000000000000000 
-0.8534058175319432 -0.4288519330854356 0.0000000000000000 1.1725109131145552 -5.2696692897558348 0.0000000000000000 
0.8534058175319432 0.4288519330854356 0.0000000000000000 -1.1725109131145552 5.2696692897558348 0.0000000000000000 
1.1199999999999999
0.0000000000000000 0.0000000000000000 0.0000000000000000 0.0000000000000000 0.0000000000000000 0.0000000000000000 
-0.6263914079858730 -0.7834832531567812 0.0000000000000000 3.8926992694046856 -3.1132855399730697 0.0000000000000000 
0.6263914079858730 0.7834832531567812 0.0000000000000000 -3.8926992694046856 3.1132855399730697 0.0000000000000000 
1.2000000000000000
0.0000000000000000 0.0000000000000000 0.0000000000000000 0.0000000000000000 0.0000000000000000 0.0000000000000000 
-0.2305739344271935 -0.9269776194811268 0.0000000000000000 5.3974404887111556 0.0143404566727484 0.0000000000000000 
0.2305739344271935 0.9269776194811268 0.0000000000000000 -5.3974404887111556 -0.0143404566727484 0.0000000000000000 
1.2800000000000000
0.0000000000000000 0.0000000000000000 0.0000000000000000 0.0000000000000000 0.0000000000000000 0.0000000000000000 
0.2371990702079119 -0.7811887800891415 0.0000000000000000 5.1061205965316789 4.2628998474617488 0.0000000000000000 
-0.2371990702079119 0.7811887800891415 0.0000000000000000 -5.1061205965316789 -4.2628998474617488 0.0000000000000000 
1.3600000000000001
0.0000000000000000 0.0000000000000000 0.0000000000000000 0.0000000000000000 0.0000000000000000 0.0000000000000000 
0.5864053610178751 -0.2449136438872470 0.0000000000000000 0.4808000858504905 8.3257177091943912 0.0000000000000000 
-0.5864053610178751 0.2449136438872470 0.0000000000000000 -0.4808000858504905 -8.3257177091943912 0.0000000000000000 
1.4400000000000002
0.0000000000000000 0.0000000000000000 0.0000000000000000 0.0000000000000000 0.0000000000000000 0.0000000000000000 
0.3141270839439904 0.5509260533819612 0.0000000000000000 -5.4971027649349411 6.2761314431290760 0.0000000000000000 
-0.3141270839439904 -0.5509260533819612 0.0000000000000000 5.4971027649349411 -6.2761314431290760 0.0000000000000000 
1.5200000000000002
0.0000000000000000 0.0000000000000000 0.0000000000000000 0.0000000000000000 0.0000000000000000 0.0000000000000000 
-0.2931310813717155 0.7592673870134052 0.0000000000000000 -6.6664169171131791 0.2101208548416607 0.0000000000000000 
0.2931310813717155 -0.7592673870134052 0.0000000000000000 6.6664169171131791 -0.2101208548416607 0.0000000000000000 
1.6000000000000003
0.0000000000000000 0.0000000000000000 0.0000000000000000 0.0000000000000000 0.0000000000000000 0.0000000000000000 
-0.7524996227941183 0.5845453901566269 0.0000000000000000 -4.2634647973699984 -3.3326412806567456 0.0000000000000000 
0.7524996227941183 -0.5845453901566269 0.0000000000000000 4.2634647973699984 3.3326412806567456 0.0000000000000000 
1.6800000000000004
0.0000000000000000 0.0000000000000000 0.0000000000000000 0.0000000000000000 0.0000000000000000 0.0000000000000000 
-0.9752854489509153 0.2260447821083259 0.0000000000000000 -1.1324866875871757 -4.8642244161099288 0.0000000000000000 
0.9752854489509153 -0.2260447821083259 0.0000000000000000 1.1324866875871757 4.8642244161099288 0.0000000000000000 
1.7600000000000005
0.0000000000000000 0.0000000000000000 0.0000000000000000 0.0000000000000000 0.0000000000000000 0.0000000000000000 
-0.9336974928080665 -0.1937305164209618 0.0000000000000000 2.3503851091429651 -4.8673780469835819 0.0000000000000000 
0.9336974928080665 0.1937305164209618 0.0000000000000000 -2.3503851091429651 4.8673780469835819 0.0000000000000000 
1.8400000000000005
0.0000000000000000 0.0000000000000000 0.0000000000000000 0.0000000000000000 0.0000000000000000 0.0000000000000000 
-0.5992238314880409 -0.5527357054090473 0.0000000000000000 6.0611519669601304 -2.7532030691335794 0.0000000000000000 
0.5992238314880409 0.5527357054090473 0.0000000000000000 -6.0611519669601304 2.7532030691335794 0.0000000000000000 
1.9200000000000006
0.0000000000000000 0.0000000000000000 0.0000000000000000 0.0000000000000000 0.0000000000000000 0.0000000000000000 
0.0360868219055544 -0.6342430074823344 0.0000000000000000 7.7020929337159778 3.1867980536640137 0.0000000000000000 
-0.0360868219055544 0.6342430074823344 0.0000000000000000 -7.7020929337159778 -3.1867980536640137 0.0000000000000000 
2.0000000000000004
0.0000000000000000 0.0000000000000000 0.0000000000000000 0.0000000000000000 0.0000000000000000 0.0000000000000000 
0.6331110379065156 -0.0428480168228050 0.0000000000000000 3.2505723609520047 7.6775148903846944 0.0000000000000000 
-0.6331110379065156 0.0428480168228050 0.0000000000000000 -3.2505723609520047 -7.6775148903846944 0.0000000000000000 
2.0800000000000005
0.0000000000000000 0.0000000000000000 0.0000000000000000 0.0000000000000000 0.0000000000000000 0.0000000000000000 
0.5561783996578752 0.5941593749792167 0.0000000000000000 -2.7156277906020345 6.0888453980644472 0.0000000000000000 
-0.5561783996578752 -0.5941593749792167 0.0000000000000000 2.7156277906020345 -6.0888453980644472 0.0000000000000000 
2.1600000000000006
0.0000000000000000 0.0000000000000000 0.0000000000000000 0.0000000000000000 0.0000000000000000 0.0000000000000000 
0.1986105914101901 0.9313672468675065 0.0000000000000000 -4.8605452514032113 2.3817831041481203 0.0000000000000000 
-0.1986105914101901 -0.9313672468675065 0.0000000000000000 4.8605452514032113 -2.3817831041481203 0.0000000000000000 
2.2400000000000007
0.0000000000000000 0.0000000000000000 0.0000000000000000 0.0000000000000000 0.0000000000000000 0.0000000000000000 
-0.2215088405666386 0.9752446716429160 0.0000000000000000 -4.8750229349291034 -1.1090295897218407 0.0000000000000000 
0.2215088405666386 -0.9752446716429160 0.0000000000000000 4.8750229349291034 1.1090295897218407 0.0000000000000000 
2.3200000000000007
0.0000000000000000 0.0000000000000000 0.0000000000000000 0.0000000000000000 0.0000000000000000 0.0000000000000000 
-0.5813930781784665 0.7539225125120120 0.0000000000000000 -3.3532334373813746 -4.2517221388235225 0.0000000000000000 
0.5813930781784665 -0.7539225125120120 0.0000000000000000 3.3532334373813746 4.2517221388235225 0.0000000000000000 
2.4000000000000008
0.0000000000000000 0.0000000000000000 0.0000000000000000 0.0000000000000000 0.0000000000000000 0.0000000000000000 
-0.7580261905476586 0.2949691294311523 0.0000000000000000 0.1866672267979436 -6.6687155832039720 0.0000000000000000 
0.7580261905476586 -0.2949691294311523 0.0000000000000000 -0.1866672267979436 6.6687155832039720 0.0000000000000000 
2.4800000000000009
0.0000000000000000 0.0000000000000000 0.0000000000000000 0.0000000000000000 0.0000000000000000 0.0000000000000000 
-0.5515263218907956 -0.3130719808006235 0.0000000000000000 6.2571137519557087 -5.5139217891808032 0.0000000000000000 
0.5515263218907956 0.3130719808006235 0.0000000000000000 -6.2571137519557087 5.5139217891808032 0.0000000000000000 
2.5600000000000009
0.0000000000000000 0.0000000000000000 0.0000000000000000 0.0000000000000000 0.0000000000000000 0.0000000000000000 
0.2431120097652548 -0.5872583568377762 0.0000000000000000 8.3233631954448573 0.4608386339581075 0.0000000000000000 
-0.2431120097652548 0.5872583568377762 0.0000000000000000 -8.3233631954448573 -0.4608386339581075 0.0000000000000000 
2.6400000000000010
0.0000000000000000 0.0000000000000000 0.0000000000000000 0.0000000000000000 0.0000000000000000 0.0000000000000000 
0.7802117893803815 -0.2393377993673263 0.0000000000000000 4.2734802153627482 5.0975833789615352 0.0000000000000000 
-0.7802117893803815 0.2393377993673263 0.0000000000000000 -4.2734802153627482 -5.0975833789615352 0.0000000000000000 
2.7200000000000011
0.0000000000000000 0.0000000000000000 0.0000000000000000 0.0000000000000000 0.0000000000000000 0.0000000000000000 
0.9268688442232945 0.2283549837960695 0.0000000000000000 0.0217735481847154 5.3998708980632655 0.0000000000000000 
-0.9268688442232945 -0.2283549837960695 0.0000000000000000 -0.0217735481847154 -5.3998708980632655 0.0000000000000000 
2.8000000000000012
0.0000000000000000 0.0000000000000000 0.0000000000000000 0.0000000000000000 0.0000000000000000 0.0000000000000000 
0.7836955570899360 0.6246415443227962 0.0000000000000000 -3.1132909872805130 3.8985918474822134 0.0000000000000000 
-0.7836955570899360 -0.6246415443227962 0.0000000000000000 3.1132909872805130 -3.8985918474822134 0.0000000000000000 
2.8800000000000012
0.0000000000000000 0.0000000000000000 0.0000000000000000 0.0000000000000000 0.0000000000000000 0.0000000000000000 
0.4287422862584124 0.8521296793932237 0.0000000000000000 -5.2766128251771303 1.1746954315956659 0.0000000000000000 
-0.4287422862584124 -0.8521296793932237 0.0000000000000000 5.2766128251771303 -1.1746954315956659 0.0000000000000000 
2.9600000000000013
0.0000000000000000 0.0000000000000000 0.0000000000000000 0.0000000000000000 0.0000000000000000 0.0000000000000000 
-0.0605624949384049 0.8125928133781027 0.0000000000000000 -5.9260157234117417 -3.0474671061304246 0.0000000000000000 
0.0605624949384049 -0.8125928133781027 0.0000000000000000 5.9260157234117417 3.0474671061304246 0.0000000000000000 
3.0400000000000014
0.0000000000000000 0.0000000000000000 0.0000000000000000 0.0000000000000000 0.0000000000000000 0.0000000000000000 
-0.5194202294874662 0.3645349424123557 0.0000000000000000 -2.2801279485279653 -8.0258978240106256 0.0000000000000000 
0.5194202294874662 -0.3645349424123557 0.0000000000000000 2.2801279485279653 8.0258978240106256 0.0000000000000000 
3.1200000000000014
0.0000000000000000 0.0000000000000000 0.0000000000000000 0.0000000000000000 0.0000000000000000 0.0000000000000000 
-0.4253829667028793 -0.4715508384635974 0.0000000000000000 3.9988445228025422 -7.3212652037433283 0.0000000000000000 
0.4253829667028793 0.4715508384635974 0.0000000000000000 -3.9988445228025422 7.3212652037433283 0.0000000000000000 
3.2000000000000015
0.0000000000000000 0.0000000000000000 0.0000000000000000 0.0000000000000000 0.0000000000000000 0.0000000000000000 
0.1203948941609405 -0.8068674901865769 0.0000000000000000 6.4452544151414024 -1.6650727172127306 0.0000000000000000 
-0.1203948941609405 0.8068674901865769 0.0000000000000000 -6.4452544151414024 1.6650727172127306 0.0000000000000000 
3.2800000000000016
0.0000000000000000 0.0000000000000000 0.0000000000000000 0.0000000000000000 0.0000000000000000 0.0000000000000000 
0.6058577397197451 -0.7379624732176343 0.0000000000000000 4.8850375230709195 2.3025630214098500 0.0000000000000000 
-0.6058577397197451 0.7379624732176343 0.0000000000000000 -4.8850375230709195 -2.3025630214098500 0.0000000000000000 
3.3600000000000017
0.0000000000000000 0.0000000000000000 0.0000000000000000 0.0000000000000000 0.0000000000000000 0.0000000000000000 
0.9020008978522877 -0.4384574067610009 0.0000000000000000 2.1817469943356311 4.4826971683537522 0.0000000000000000 
-0.9020008978522877 0.4384574067610009 0.0000000000000000 -2.1817469943356311 -4.4826971683537522 0.0000000000000000 
3.4400000000000017
0.0000000000000000 0.0000000000000000 0.0000000000000000 0.0000000000000000 0.0000000000000000 0.0000000000000000 
0.9549372588134460 -0.0207309262810340 0.0000000000000000 -1.2012073110095829 5.2620233359168056 0.0000000000000000 
-0.9549372588134460 0.0207309262810340 0.0000000000000000 1.2012073110095829 -5.2620233359168056 0.0000000000000000 
3.5200000000000018
0.0000000000000000 0.0000000000000000 0.0000000000000000 0.0000000000000000 0.0000000000000000 0.0000000000000000 
0.7098077280907544 0.4034663269856881 0.0000000000000000 -5.2811914954022061 4.0422454584421885 0.0000000000000000 
-0.7098077280907544 -0.4034663269856881 0.0000000000000000 5.2811914954022061 -4.0422454584421885 0.0000000000000000 
3.6000000000000019
0.0000000000000000 0.0000000000000000 0.0000000000000000 0.0000000000000000 0.0000000000000000 0.0000000000000000 
0.1099466195490931 0.6260283470697162 0.0000000000000000 -8.2261428018889902 -1.3624664554522290 0.0000000000000000 
-0.1099466195490931 -0.6260283470697162 0.0000000000000000 8.2261428018889902 1.3624664554522290 0.0000000000000000 
3.6800000000000019
0.0000000000000000 0.0000000000000000 0.0000000000000000 0.0000000000000000 0.0000000000000000 0.0000000000000000 
-0.6063751202114840 0.1854716941133314 0.0000000000000000 -4.9110145103171670 -6.7435910258490832 0.0000000000000000 
0.6063751202114840 -0.1854716941133314 0.0000000000000000 4.9110145103171670 6.7435910258490832 0.0000000000000000 
3.7600000000000020
0.0000000000000000 0.0000000000000000 0.0000000000000000 0.0000000000000000 0.0000000000000000 0.0000000000000000 
-0.6758157021016535 -0.4529462170661371 0.0000000000000000 1.2655351653744495 -6.5502778649757021 0.0000000000000000 
0.6758157021016535 0.4529462170661371 0.0000000000000000 -1.2655351653744495 6.5502778649757021 0.0000000000000000 
3.8400000000000021
0.0000000000000000 0.0000000000000000 0.0000000000000000 0.0000000000000000 0.0000000000000000 0.0000000000000000 
-0.4038894937515720 -0.8625727642827810 0.0000000000000000 4.1937474221372417 -3.4231831101645489 0.0000000000000000 
0.4038894937515720 0.8625727642827810 0.0000000000000000 -4.1937474221372417 3.4231831101645489 0.0000000000000000 
3.9200000000000021
0.0000000000000000 0.0000000000000000 0.0000000000000000 0.0000000000000000 0.0000000000000000 0.0000000000000000 
-0.0048161145596948 -1.0006555146924649 0.0000000000000000 4.9965882709435681 -0.0283199311267489 0.0000000000000000 
0.0048161145596948 1.0006555146924649 0.0000000000000000 -4.9965882709435681 0.0283199311267489 0.0000000000000000 
4.0000000000000018
0.0000000000000000 0.0000000000000000 0.0000000000000000 0.0000000000000000 0.0000000000000000 0.0000000000000000 
0.3955646295993989 -0.8671039532630608 0.0000000000000000 4.2279878551361909 3.3721291456571265 0.0000000000000000 
-0.3955646295993989 0.8671039532630608 0.0000000000000000 -4.2279878551361909 -3.3721291456571265 0.0000000000000000 
4.0800000000000018
0.0000000000000000 0.0000000000000000 0.0000000000000000 0.0000000000000000 0.0000000000000000 0.0000000000000000 
0.6716619422620957 -0.4611148513873248 0.0000000000000000 1.3397396074953618 6.5244521004616205 0.0000000000000000 
-0.6716619422620957 0.4611148513873248 0.0000000000000000 -1.3397396074953618 -6.5244521004616205 0.0000000000000000 
4.1600000000000019
0.0000000000000000 0.0000000000000000 0.0000000000000000 0.0000000000000000 0.0000000000000000 0.0000000000000000 
0.6099229667986568 0.1768083828107985 0.0000000000000000 -4.8206135149480849 6.8003261822330234 0.0000000000000000 
-0.6099229667986568 -0.1768083828107985 0.0000000000000000 4.8206135149480849 -6.8003261822330234 0.0000000000000000 
4.2400000000000020
0.0000000000000000 0.0000000000000000 0.0000000000000000 0.0000000000000000 0.0000000000000000 0.0000000000000000 
-0.0996362201295979 0.6269373377699590 0.0000000000000000 -8.2073579856860928 1.4603039485219502 0.0000000000000000 
0.0996362201295979 -0.6269373377699590 0.0000000000000000 8.2073579856860928 -1.4603039485219502 0.0000000000000000 
4.3200000000000021
0.0000000000000000 0.0000000000000000 0.0000000000000000 0.0000000000000000 0.0000000000000000 0.0000000000000000 
-0.7032543109111182 0.4104570145743105 0.0000000000000000 -5.3308562244418178 -3.9984293382399421 0.0000000000000000 
0.7032543109111182 -0.4104570145743105 0.0000000000000000 5.3308562244418178 3.9984293382399421 0.0000000000000000 
4.4000000000000021
0.0000000000000000 0.0000000000000000 0.0000000000000000 0.0000000000000000 0.0000000000000000 0.0000000000000000 
-0.9525732160402889 -0.0128113563484318 0.0000000000000000 -1.2435010251581198 -5.2656644657756067 0.0000000000000000 
0.9525732160402889 0.0128113563484318 0.0000000000000000 1.2435010251581198 5.2656644657756067 0.0000000000000000 
4.4800000000000022
0.0000000000000000 0.0000000000000000 0.0000000000000000 0.0000000000000000 0.0000000000000000 0.0000000000000000 
-0.9022144749364174 -0.4320492999497866 0.0000000000000000 2.1617373086444709 -4.5067143368669269 0.0000000000000000 
0.9022144749364174 0.4320492999497866 0.0000000000000000 -2.1617373086444709 4.5067143368669269 0.0000000000000000 
4.5600000000000023
0.0000000000000000 0.0000000000000000 0.0000000000000000 0.0000000000000000 0.0000000000000000 0.0000000000000000 
-0.6066952466571734 -0.7338856502471401 0.0000000000000000 4.8886593859056457 -2.3278293929602687 0.0000000000000000 
0.6066952466571734 0.7338856502471401 0.0000000000000000 -4.8886593859056457 2.3278293929602687 0.0000000000000000 
4.6400000000000023
0.0000000000000000 0.0000000000000000 0.0000000000000000 0.0000000000000000 0.0000000000000000 0.0000000000000000 
-0.1200289731915140 -0.8045020028234297 0.0000000000000000 6.4624790713632843 1.6585775152689217 0.0000000000000000 
0.1200289731915140 0.8045020028234297 0.0000000000000000 -6.4624790713632843 -1.6585775152689217 0.0000000000000000 
4.7200000000000024
0.0000000000000000 0.0000000000000000 0.0000000000000000 0.0000000000000000 0.0000000000000000 0.0000000000000000 
0.4273014047609521 -0.4685132478041127 0.0000000000000000 3.9926033869161444 7.3236651813792246 0.0000000000000000 
-0.4273014047609521 0.4685132478041127 0.0000000000000000 -3.9926033869161444 -7.3236651813792246 0.0000000000000000 
4.8000000000000025
0.0000000000000000 0.0000000000000000 0.0000000000000000 0.0000000000000000 0.0000000000000000 0.0000000000000000 
0.5187875687150691 0.3672844261972463 0.0000000000000000 -2.2904564904070801 8.0162888491940016 0.0000000000000000 
-0.5187875687150691 -0.3672844261972463 0.0000000000000000 2.2904564904070801 -8.0162888491940016 0.0000000000000000 
4.8800000000000026
0.0000000000000000 0.0000000000000000 0.0000000000000000 0.0000000000000000 0.0000000000000000 0.0000000000000000 
0.0608283662958192 0.8140929680669275 0.0000000000000000 -5.9145568058743816 3.0413589312194289 0.0000000000000000 
-0.0608283662958192 -0.8140929680669275 0.0000000000000000 5.9145568058743816 -3.0413589312194289 0.0000000000000000 
4.9600000000000026
0.0000000000000000 0.0000000000000000 0.0000000000000000 0.0000000000000000 0.0000000000000000 0.0000000000000000 
-0.4275415202248319 0.8539018551923550 0.0000000000000000 -5.2700248357542039 -1.1692806246673006 0.0000000000000000 
0.4275415202248319 -0.8539018551923550 0.0000000000000000 5.2700248357542039 1.1692806246673006 0.0000000000000000 
5.0400000000000027
0.0000000000000000 0.0000000000000000 0.0000000000000000 0.0000000000000000 0.0000000000000000 0.0000000000000000 
-0.7823756074248535 0.6270080681201595 0.0000000000000000 -3.1157946886562686 -3.8937456161670787 0.0000000000000000 
0.7823756074248535 -0.6270080681201595 0.0000000000000000 3.1157946886562686 3.8937456161670787 0.0000000000000000 
5.1200000000000028
0.0000000000000000 0.0000000000000000 0.0000000000000000 0.0000000000000000 0.0000000000000000 0.0000000000000000 
-0.9260686704098350 0.2309025566056224 0.0000000000000000 0.0146444794590634 -5.4028190431417915 0.0000000000000000 
0.9260686704098350 -0.2309025566056224 0.0000000000000000 -0.0146444794590634 5.4028190431417915 0.0000000000000000 
5.2000000000000028
0.0000000000000000 0.0000000000000000 0.0000000000000000 0.0000000000000000 0.0000000000000000 0.0000000000000000 
-0.7800324907114033 -0.2374429787825271 0.0000000000000000 4.2716741116436179 -5.1096858425834117 0.0000000000000000 
0.7800324907114033 0.2374429787825271 0.0000000000000000 -4.2716741116436179 5.1096858425834117 0.0000000000000000 
5.2800000000000029
0.0000000000000000 0.0000000000000000 0.0000000000000000 0.0000000000000000 0.0000000000000000 0.0000000000000000 
-0.2426008125468562 -0.5866471782077235 0.0000000000000000 8.3299044941503073 -0.4669606526771574 0.0000000000000000 
0.2426008125468562 0.5866471782077235 0.0000000000000000 -8.3299044941503073 0.4669606526771574 0.0000000000000000 
5.3600000000000030
0.0000000000000000 0.0000000000000000 0.0000000000000000 0.0000000000000000 0.0000000000000000 0.0000000000000000 
0.5527522283526458 -0.3121566832108723 0.0000000000000000 6.2685882696930939 5.5055739646453423 0.0000000000000000 
-0.5527522283526458 0.3121566832108723 0.0000000000000000 -6.2685882696930939 -5.5055739646453423 0.0000000000000000 
5.4400000000000031
0.0000000000000000 0.0000000000000000 0.0000000000000000 0.0000000000000000 0.0000000000000000 0.0000000000000000 
0.7603733106040389 0.2942446561355313 0.0000000000000000 0.2102506548297821 6.6570789124772496 0.0000000000000000 
-0.7603733106040389 -0.2942446561355313 0.0000000000000000 -0.2102506548297821 -6.6570789124772496 0.0000000000000000 
5.5200000000000031
0.0000000000000000 0.0000000000000000 0.0000000000000000 0.0000000000000000 0.0000000000000000 0.0000000000000000 
0.5863923331254109 0.7529759427854876 0.0000000000000000 -3.3215475177701195 4.2615745212442970 0.0000000000000000 
-0.5863923331254109 -0.7529759427854876 0.0000000000000000 3.3215475177701195 -4.2615745212442970 0.0000000000000000 
5.6000000000000032
0.0000000000000000 0.0000000000000000 0.0000000000000000 0.0000000000000000 0.0000000000000000 0.0000000000000000 
0.2289257077608197 0.9760965795346188 0.0000000000000000 -4.8545069938332137 1.1424331961256347 0.0000000000000000 
-0.2289257077608197 -0.9760965795346188 0.0000000000000000 4.8545069938332137 -1.1424331961256347 0.0000000000000000 
5.6800000000000033
0.0000000000000000 0.0000000000000000 0.0000000000000000 0.0000000000000000 0.0000000000000000 0.0000000000000000 
-0.1903287858879033 0.9357652541655892 0.0000000000000000 -4.8691068618303923 -2.3310135553597693 0.0000000000000000 
0.1903287858879033 -0.9357652541655892 0.0000000000000000 4.8691068618303923 2.3310135553597693 0.0000000000000000 
5.7600000000000033
0.0000000000000000 0.0000000000000000 0.0000000000000000 0.0000000000000000 0.0000000000000000 0.0000000000000000 
-0.5501313901320430 0.6031344106770558 0.0000000000000000 -2.7784467528872296 -6.0425985768634289 0.0000000000000000 
0.5501313901320430 -0.6031344106770558 0.0000000000000000 2.7784467528872296 6.0425985768634289 0.0000000000000000 
5.8400000000000034
0.0000000000000000 0.0000000000000000 0.0000000000000000 0.0000000000000000 0.0000000000000000 0.0000000000000000 
-0.6348802663498601 -0.0310505181325594 0.0000000000000000 3.1431504677132946 -7.7217765447246807 0.0000000000000000 
0.6348802663498601 0.0310505181325594 0.0000000000000000 -3.1431504677132946 7.7217765447246807 0.0000000000000000 
5.9200000000000035
0.0000000000000000 0.0000000000000000 0.0000000000000000 0.0000000000000000 0.0000000000000000 0.0000000000000000 
-0.0472273152979159 -0.6323498364788932 0.0000000000000000 7.6605428182410282 -3.3001452774218034 0.0000000000000000 
0.0472273152979159 0.6323498364788932 0.0000000000000000 -7.6605428182410282 3.3001452774218034 0.0000000000000000 
6.0000000000000036
0.0000000000000000 0.0000000000000000 0.0000000000000000 0.0000000000000000 0.0000000000000000 0.0000000000000000 
0.5908065845687045 -0.5590737625200480 0.0000000000000000 6.1091069917744463 2.6820259114543825 0.0000000000000000 
-0.5908065845687045 0.5590737625200480 0.0000000000000000 -6.1091069917744463 -2.6820259114543825 0.0000000000000000 
6.0800000000000036
0.0000000000000000 0.0000000000000000 0.0000000000000000 0.0000000000000000 0.0000000000000000 0.0000000000000000 
0.9302298033859955 -0.2032256906461920 0.0000000000000000 2.4109172476459348 4.8483070106332811 0.0000000000000000 
-0.9302298033859955 0.2032256906461920 0.0000000000000000 -2.4109172476459348 -4.8483070106332811 0.0000000000000000 
6.1600000000000037
0.0000000000000000 0.0000000000000000 0.0000000000000000 0.0000000000000000 0.0000000000000000 0.0000000000000000 
0.9765533441920541 0.2166553591812770 0.0000000000000000 -1.0796134171395533 4.8805280281702474 0.0000000000000000 
-0.9765533441920541 -0.2166553591812770 0.0000000000000000 1.0796134171395533 -4.8805280281702474 0.0000000000000000 
6.2400000000000038
0.0000000000000000 0.0000000000000000 0.0000000000000000 0.0000000000000000 0.0000000000000000 0.0000000000000000 
0.7574916566436670 0.5776587938610476 0.0000000000000000 -4.2278681949438326 3.3765847260129656 0.0000000000000000 
-0.7574916566436670 -0.5776587938610476 0.0000000000000000 4.2278681949438326 -3.3765847260129656 0.0000000000000000 
6.3200000000000038
0.0000000000000000 0.0000000000000000 0.0000000000000000 0.0000000000000000 0.0000000000000000 0.0000000000000000 
0.3000944330010409 0.7569089153433515 0.0000000000000000 -6.6625445540417472 -0.1430861992242999 0.0000000000000000 
-0.3000944330010409 -0.7569089153433515 0.0000000000000000 6.6625445540417472 0.1430861992242999 0.0000000000000000 
6.4000000000000039
0.0000000000000000 0.0000000000000000 0.0000000000000000 0.0000000000000000 0.0000000000000000 0.0000000000000000 
-0.3085154720030125 0.5547650019851597 0.0000000000000000 -5.5571435633583945 -6.2139225225726937 0.0000000000000000 
0.3085154720030125 -0.5547650019851597 0.0000000000000000 5.5571435633583945 6.2139225225726937 0.0000000000000000 
6.4800000000000040
0.0000000000000000 0.0000000000000000 0.0000000000000000 0.0000000000000000 0.0000000000000000 0.0000000000000000 
-0.5890485371363022 -0.2373186882682795 0.0000000000000000 0.4031890006939366 -8.3258261519055257 0.0000000000000000 
0.5890485371363022 0.2373186882682795 0.0000000000000000 -0.4031890006939366 8.3258261519055257 0.0000000000000000 
6.5600000000000041
0.0000000000000000 0.0000000000000000 0.0000000000000000 0.0000000000000000 0.0000000000000000 0.0000000000000000 
-0.2440052318919826 -0.7773671823197245 0.0000000000000000 5.0799693481894312 -4.3072787143870634 0.0000000000000000 
0.2440052318919826 0.7773671823197245 0.0000000000000000 -5.0799693481894312 4.3072787143870634 0.0000000000000000 
6.6400000000000041
0.0000000000000000 0.0000000000000000 0.0000000000000000 0.0000000000000000 0.0000000000000000 0.0000000000000000 
0.2237465585740068 -0.9264832825702096 0.0000000000000000 5.4075931741304091 -0.0448930917043638 0.0000000000000000 
-0.2237465585740068 0.9264832825702096 0.0000000000000000 -5.4075931741304091 0.0448930917043638 0.0000000000000000 
6.7200000000000042
0.0000000000000000 0.0000000000000000 0.0000000000000000 0.0000000000000000 0.0000000000000000 0.0000000000000000 
0.6212096759688829 -0.7845500769924226 0.0000000000000000 3.9144783820349907 3.1050638111533488 0.0000000000000000 
-0.6212096759688829 0.7845500769924226 0.0000000000000000 -3.9144783820349907 -3.1050638111533488 0.0000000000000000 
6.8000000000000043
0.0000000000000000 0.0000000000000000 0.0000000000000000 0.0000000000000000 0.0000000000000000 0.0000000000000000 
0.8500630996996054 -0.4296730727856738 0.0000000000000000 1.1883196488593586 5.2812679983515025 0.0000000000000000 
-0.8500630996996054 0.4296730727856738 0.0000000000000000 -1.1883196488593586 -5.2812679983515025 0.0000000000000000 
6.8800000000000043
0.0000000000000000 0.0000000000000000 0.0000000000000000 0.0000000000000000 0.0000000000000000 0.0000000000000000 
0.8113408197863803 0.0604528027438178 0.0000000000000000 -3.0451823011324399 5.9357425111418269 0.0000000000000000 
-0.8113408197863803 -0.0604528027438178 0.0000000000000000 3.0451823011324399 -5.9357425111418269 0.0000000000000000 
6.9600000000000044
0.0000000000000000 0.0000000000000000 0.0000000000000000 0.0000000000000000 0.0000000000000000 0.0000000000000000 
0.3628339315184150 0.5200457289970185 0.0000000000000000 -8.0254825007820489 2.2775766832767799 0.0000000000000000 
-0.3628339315184150 -0.5200457289970185 0.0000000000000000 8.0254825007820489 -2.2775766832767799 0.0000000000000000 
7.0400000000000045
0.0000000000000000 0.0000000000000000 0.0000000000000000 0.0000000000000000 0.0000000000000000 0.0000000000000000 
-0.4727363803387476 0.4248650720681025 0.0000000000000000 -7.3148619458382891 -4.0025915730397736 0.0000000000000000 
0.4727363803387476 -0.4248650720681025 0.0000000000000000 7.3148619458382891 4.0025915730397736 0.0000000000000000 
7.1200000000000045
0.0000000000000000 0.0000000000000000 0.0000000000000000 0.0000000000000000 0.0000000000000000 0.0000000000000000 
-0.8075439798157114 -0.1203689226893453 0.0000000000000000 -1.6627670722282721 -6.4394579256898865 0.0000000000000000 
0.8075439798157114 0.1203689226893453 0.0000000000000000 1.6627670722282721 6.4394579256898865 0.0000000000000000 
7.2000000000000046
0.0000000000000000 0.0000000000000000 0.0000000000000000 0.0000000000000000 0.0000000000000000 0.0000000000000000 
-0.7387791118952712 -0.6054481960422793 0.0000000000000000 2.3007224399205781 -4.8824224874233142 0.0000000000000000 
0.7387791118952712 0.6054481960422793 0.0000000000000000 -2.3007224399205781 4.8824224874233142 0.0000000000000000 
7.2800000000000047
0.0000000000000000 0.0000000000000000 0.0000000000000000 0.0000000000000000 0.0000000000000000 0.0000000000000000 
-0.4394283894284189 -0.9015565206770756 0.0000000000000000 4.4823478944478561 -2.1821758695760831 0.0000000000000000 
0.4394283894284189 0.9015565206770756 0.0000000000000000 -4.4823478944478561 2.1821758695760831 0.0000000000000000 
7.3600000000000048
0.0000000000000000 0.0000000000000000 0.0000000000000000 0.0000000000000000 0.0000000000000000 0.0000000000000000 
-0.0216034487836142 -0.9545963351744526 0.0000000000000000 5.2649988085887500 1.2011307840977188 0.0000000000000000 
0.0216034487836142 0.9545963351744526 0.0000000000000000 -5.2649988085887500 -1.2011307840977188 0.0000000000000000 
7.4400000000000048
0.0000000000000000 0.0000000000000000 0.0000000000000000 0.0000000000000000 0.0000000000000000 0.0000000000000000 
0.4029714199457811 -0.7093755952214406 0.0000000000000000 4.0456386988467123 5.2860389956223814 0.0000000000000000 
-0.4029714199457811 0.7093755952214406 0.0000000000000000 -4.0456386988467123 -5.2860389956223814 0.0000000000000000 
7.5200000000000049
0.0000000000000000 0.0000000000000000 0.0000000000000000 0.0000000000000000 0.0000000000000000 0.0000000000000000 
0.6256987430318598 -0.1088300958748716 0.0000000000000000 -1.3683408338981387 8.2290666578508098 0.0000000000000000 
-0.6256987430318598 0.1088300958748716 0.0000000000000000 1.3683408338981387 -8.2290666578508098 0.0000000000000000 
7.6000000000000050
0.0000000000000000 0.0000000000000000 0.0000000000000000 0.0000000000000000 0.0000000000000000 0.0000000000000000 
0.1840368865220789 0.6072750700346889 0.0000000000000000 -6.7452711477620202 4.9107817917329877 0.0000000000000000 
-0.1840368865220789 -0.6072750700346889 0.0000000000000000 6.7452711477620202 -4.9107817917329877 0.0000000000000000 
7.6800000000000050
0.0000000000000000 0.0000000000000000 0.0000000000000000 0.0000000000000000 0.0000000000000000 0.0000000000000000 
-0.4535446406100634 0.6768949908024064 0.0000000000000000 -6.5444070360431805 -1.2570397894317005 0.0000000000000000 
0.4535446406100634 -0.6768949908024064 0.0000000000000000 6.5444070360431805 1.2570397894317005 0.0000000000000000 
7.7600000000000051
0.0000000000000000 0.0000000000000000 0.0000000000000000 0.0000000000000000 0.0000000000000000 0.0000000000000000 
-0.8630682392448300 0.4061487037256168 0.0000000000000000 -3.4284328880272361 -4.1799086823934228 0.0000000000000000 
0.8630682392448300 -0.4061487037256168 0.0000000000000000 3.4284328880272361 4.1799086823934228 0.0000000000000000 
7.8400000000000052
0.0000000000000000 0.0000000000000000 0.0000000000000000 0.0000000000000000 0.0000000000000000 0.0000000000000000 
-1.0020939026944213 0.0081096016194588 0.0000000000000000 -0.0450840554373885 -4.9891875130943752 0.0000000000000000 
1.0020939026944213 -0.0081096016194588 0.0000000000000000 0.0450840554373885 4.9891875130943752 0.0000000000000000 
7.9200000000000053
0.0000000000000000 0.0000000000000000 0.0000000000000000 0.0000000000000000 0.0000000000000000 0.0000000000000000 
-0.8702816881148122 -0.3921212983694832 0.0000000000000000 3.3487314626129678 -4.2364341584343128 0.0000000000000000 
0.8702816881148122 0.3921212983694832 0.0000000000000000 -3.3487314626129678 4.2364341584343128 0.0000000000000000 
8.0000000000000053
0.0000000000000000 0.0000000000000000 0.0000000000000000 0.0000000000000000 0.0000000000000000 0.0000000000000000 
-0.4662968686763465 -0.6697198637300313 0.0000000000000000 6.5084286257469808 -1.3750383301697364 0.0000000000000000 
0.4662968686763465 0.6697198637300313 0.0000000000000000 -6.5084286257469808 1.3750383301697364 0.0000000000000000 
8.0800000000000054
0.0000000000000000 0.0000000000000000 0.0000000000000000 0.0000000000000000 0.0000000000000000 0.0000000000000000 
0.1710668920047047 -0.6121274311966411 0.0000000000000000 6.8343830158866030 4.7729088376079769 0.0000000000000000 
-0.1710668920047047 0.6121274311966411 0.0000000000000000 -6.8343830158866030 -4.7729088376079769 0.0000000000000000 
8.1600000000000055
0.0000000000000000 0.0000000000000000 0.0000000000000000 0.0000000000000000 0.0000000000000000 0.0000000000000000 
0.6272044138655101 0.0939455502872450 0.0000000000000000 1.5217132690122928 8.1998118583705608 0.0000000000000000 
-0.6272044138655101 -0.0939455502872450 0.0000000000000000 -1.5217132690122928 -8.1998118583705608 0.0000000000000000 
8.2400000000000055
0.0000000000000000 0.0000000000000000 0.0000000000000000 0.0000000000000000 0.0000000000000000 0.0000000000000000 
0.4145410150466716 0.6998424661426487 0.0000000000000000 -3.9677753422053326 5.3629972396355834 0.0000000000000000 
-0.4145410150466716 -0.6998424661426487 0.0000000000000000 3.9677753422053326 -5.3629972396355834 0.0000000000000000 
8.3200000000000056
0.0000000000000000 0.0000000000000000 0.0000000000000000 0.0000000000000000 0.0000000000000000 0.0000000000000000 
-0.0076396408873431 0.9520251086289384 0.0000000000000000 -5.2622082611999756 1.2768128294041294 0.0000000000000000 
0.0076396408873431 -0.9520251086289384 0.0000000000000000 5.2622082611999756 -1.2768128294041294 0.0000000000000000 
8.4000000000000057
0.0000000000000000 0.0000000000000000 0.0000000000000000 0.0000000000000000 0.0000000000000000 0.0000000000000000 
-0.4274123067453245 0.9041325188473094 0.0000000000000000 -4.5207065745698953 -2.1353670995448382 0.0000000000000000 
0.4274123067453245 -0.9041325188473094 0.0000000000000000 4.5207065745698953 2.1353670995448382 0.0000000000000000 
8.4800000000000058
0.0000000000000000 0.0000000000000000 0.0000000000000000 0.0000000000000000 0.0000000000000000 0.0000000000000000 
-0.7309526928185264 0.6103663727017643 0.0000000000000000 -2.3553139656280053 -4.8736335377456035 0.0000000000000000 
0.7309526928185264 -0.6103663727017643 0.0000000000000000 2.3553139656280053 4.8736335377456035 0.0000000000000000 
8.5600000000000058
0.0000000000000000 0.0000000000000000 0.0000000000000000 0.0000000000000000 0.0000000000000000 0.0000000000000000 
-0.8042625412458054 0.1243511528080129 0.0000000000000000 1.6202924385324511 -6.4673971071194014 0.0000000000000000 
0.8042625412458054 -0.1243511528080129 0.0000000000000000 -1.6202924385324511 6.4673971071194014 0.0000000000000000 
8.6400000000000059
0.0000000000000000 0.0000000000000000 0.0000000000000000 0.0000000000000000 0.0000000000000000 0.0000000000000000 
-0.4717059026533342 -0.4244171644373400 0.0000000000000000 7.2956644330167881 -4.0355543103128255 0.0000000000000000 
0.4717059026533342 0.4244171644373400 0.0000000000000000 -7.2956644330167881 4.0355543103128255 0.0000000000000000 
8.7200000000000060
0.0000000000000000 0.0000000000000000 0.0000000000000000 0.0000000000000000 0.0000000000000000 0.0000000000000000 
0.3630437680368807 -0.5213375368420393 0.0000000000000000 8.0272855123358795 2.2451142678428462 0.0000000000000000 
-0.3630437680368807 0.5213375368420393 0.0000000000000000 -8.0272855123358795 -2.2451142678428462 0.0000000000000000 
8.8000000000000060
0.0000000000000000 0.0000000000000000 0.0000000000000000 0.0000000000000000 0.0000000000000000 0.0000000000000000 
0.8126597793204065 -0.0651988815824846 0.0000000000000000 3.0707196276058863 5.9062754633194521 0.0000000000000000 
-0.8126597793204065 0.0651988815824846 0.0000000000000000 -3.0707196276058863 -5.9062754633194521 0.0000000000000000 
8.8800000000000061
0.0000000000000000 0.0000000000000000 0.0000000000000000 0.0000000000000000 0.0000000000000000 0.0000000000000000 
0.8543589084538226 0.4236665372890731 0.0000000000000000 -1.1534752531190144 5.2803465721763088 0.0000000000000000 
-0.8543589084538226 -0.4236665372890731 0.0000000000000000 1.1534752531190144 -5.2803465721763088 0.0000000000000000 
8.9600000000000062
0.0000000000000000 0.0000000000000000 0.0000000000000000 0.0000000000000000 0.0000000000000000 0.0000000000000000 
0.6281037388213642 0.7796565699657249 0.0000000000000000 -3.8921674355175724 3.1291743163004240 0.0000000000000000 
-0.6281037388213642 -0.7796565699657249 0.0000000000000000 3.8921674355175724 -3.1291743163004240 0.0000000000000000 
9.0400000000000063
0.0000000000000000 0.0000000000000000 0.0000000000000000 0.0000000000000000 0.0000000000000000 0.0000000000000000 
0.2316121187710109 0.9243344278971409 0.0000000000000000 -5.4111898292748997 -0.0075516561694544 0.0000000000000000 
-0.2316121187710109 -0.9243344278971409 0.0000000000000000 5.4111898292748997 0.0075516561694544 0.0000000000000000 
9.1200000000000063
0.0000000000000000 0.0000000000000000 0.0000000000000000 0.0000000000000000 0.0000000000000000 0.0000000000000000 
-0.2376866338626198 0.7784483049786122 0.0000000000000000 -5.1168618767038918 -4.2778490685255379 0.0000000000000000 
0.2376866338626198 -0.7784483049786122 0.0000000000000000 5.1168618767038918 4.2778490685255379 0.0000000000000000 
9.2000000000000064
0.0000000000000000 0.0000000000000000 0.0000000000000000 0.0000000000000000 0.0000000000000000 0.0000000000000000 
-0.5870857815016118 0.2398785769330548 0.0000000000000000 -0.4548587665743684 -8.3307913093364387 0.0000000000000000 
0.5870857815016118 -0.2398785769330548 0.0000000000000000 0.4548587665743684 8.3307913093364387 0.0000000000000000 
9.2800000000000065
0.0000000000000000 0.0000000000000000 0.0000000000000000 0.0000000000000000 0.0000000000000000 0.0000000000000000 
-0.3104640365145188 -0.5544783045152182 0.0000000000000000 5.5143997239325930 -6.2563928900146122 0.0000000000000000 
0.3104640365145188 0.5544783045152182 0.0000000000000000 -5.5143997239325930 6.2563928900146122 0.0000000000000000 
9.3600000000000065
0.0000000000000000 0.0000000000000000 0.0000000000000000 0.0000000000000000 0.0000000000000000 0.0000000000000000 
0.2952181743276031 -0.7611442854692831 0.0000000000000000 6.6486744319430695 -0.2052737774604201 0.0000000000000000 
-0.2952181743276031 0.7611442854692831 0.0000000000000000 -6.6486744319430695 0.2052737774604201 0.0000000000000000 
9.4400000000000066
0.0000000000000000 0.0000000000000000 0.0000000000000000 0.0000000000000000 0.0000000000000000 0.0000000000000000 
0.7533238725963723 -0.5873221089088854 0.0000000000000000 4.2569848239979367 3.3183319771359288 0.0000000000000000 
-0.7533238725963723 0.5873221089088854 0.0000000000000000 -4.2569848239979367 -3.3183319771359288 0.0000000000000000 
9.5200000000000067
0.0000000000000000 0.0000000000000000 0.0000000000000000 0.0000000000000000 0.0000000000000000 0.0000000000000000 
0.9763357461672730 -0.2302111691275345 0.0000000000000000 1.1432650361093495 4.8516175280988767 0.0000000000000000 
-0.9763357461672730 0.2302111691275345 0.0000000000000000 -1.1432650361093495 -4.8516175280988767 0.0000000000000000 
9.6000000000000068
0.0000000000000000 0.0000000000000000 0.0000000000000000 0.0000000000000000 0.0000000000000000 0.0000000000000000 
0.9362462783738683 0.1889366955869349 0.0000000000000000 -2.3278099857786163 4.8707176505450587 0.0000000000000000 
-0.9362462783738683 -0.1889366955869349 0.0000000000000000 2.3278099857786163 -4.8707176505450587 0.0000000000000000 
9.6800000000000068
0.0000000000000000 0.0000000000000000 0.0000000000000000 0.0000000000000000 0.0000000000000000 0.0000000000000000 
0.6038861484426945 0.5491036549596749 0.0000000000000000 -6.0425085996446803 2.7853535755828975 0.0000000000000000 
-0.6038861484426945 -0.5491036549596749 0.0000000000000000 6.0425085996446803 -2.7853535755828975 0.0000000000000000 
9.7600000000000069
0.0000000000000000 0.0000000000000000 0.0000000000000000 0.0000000000000000 0.0000000000000000 0.0000000000000000 
-0.0305550975692805 0.6345932676801985 0.0000000000000000 -7.7279630312402556 -3.1381568092219410 0.0000000000000000 
0.0305550975692805 -0.6345932676801985 0.0000000000000000 7.7279630312402556 3.1381568092219410 0.0000000000000000 
9.8400000000000070
0.0000000000000000 0.0000000000000000 0.0000000000000000 0.0000000000000000 0.0000000000000000 0.0000000000000000 
-0.6325879365557464 0.0469985654841644 0.0000000000000000 -3.3121225842982307 -7.6579629643370231 0.0000000000000000 
0.6325879365557464 -0.0469985654841644 0.0000000000000000 3.3121225842982307 7.6579629643370231 0.0000000000000000 
9.9200000000000070
0.0000000000000000 0.0000000000000000 0.0000000000000000 0.0000000000000000 0.0000000000000000 0.0000000000000000 
-0.5604947110569974 -0.5906808066137252 0.0000000000000000 2.6659552902918535 -6.1111573600307612 0.0000000000000000 
0.5604947110569974 0.5906808066137252 0.0000000000000000 -2.6659552902918535 6.1111573600307612 0.0000000000000000 
10.0000000000000071
0.0000000000000000 0.0000000000000000 0.0000000000000000 0.0000000000000000 0.0000000000000000 0.0000000000000000 
-0.2060350901090499 -0.9307866121207575 0.0000000000000000 4.8350208098835852 -2.4249624691146527 0.0000000000000000 
0.2060350901090499 0.9307866121207575 0.0000000000000000 -4.8350208098835852 2.4249624691146527 0.0000000000000000 
10.0800000000000072
0.0000000000000000 0.0000000000000000 0.0000000000000000 0.0000000000000000 0.0000000000000000 0.0000000000000000 
0.2131086185243762 -0.9786748016720697 0.0000000000000000 4.8787543362804060 1.0571419827784163 0.0000000000000000 
-0.2131086185243762 0.9786748016720697 0.0000000000000000 -4.8787543362804060 -1.0571419827784163 0.0000000000000000 
10.1600000000000072
0.0000000000000000 0.0000000000000000 0.0000000000000000 0.0000000000000000 0.0000000000000000 0.0000000000000000 
0.5745656036958151 -0.7616438948762109 0.0000000000000000 3.3934417705715094 4.2038816408248687 0.0000000000000000 
-0.5745656036958151 0.7616438948762109 0.0000000000000000 -3.3934417705715094 -4.2038816408248687 0.0000000000000000 
10.2400000000000073
0.0000000000000000 0.0000000000000000 0.0000000000000000 0.0000000000000000 0.0000000000000000 0.0000000000000000 
0.7560593018158177 -0.3060537391400907 0.0000000000000000 -0.0998856866865834 6.6536717104268854 0.0000000000000000 
-0.7560593018158177 0.3060537391400907 0.0000000000000000 0.0998856866865834 -6.6536717104268854 0.0000000000000000 
10.3200000000000074
0.0000000000000000 0.0000000000000000 0.0000000000000000 0.0000000000000000 0.0000000000000000 0.0000000000000000 
0.5585838938259617 0.3029435787920908 0.0000000000000000 -6.1693032760623350 5.6053338119903842 0.0000000000000000 
-0.5585838938259617 -0.3029435787920908 0.0000000000000000 6.1693032760623350 -5.6053338119903842 0.0000000000000000 
10.4000000000000075
0.0000000000000000 0.0000000000000000 0.0000000000000000 0.0000000000000000 0.0000000000000000 0.0000000000000000 
-0.2310292223541559 0.5907996707783708 0.0000000000000000 -8.3316603341438178 -0.3361385055938054 0.0000000000000000 
0.2310292223541559 -0.5907996707783708 0.0000000000000000 8.3316603341438178 0.3361385055938054 0.0000000000000000 
10.4800000000000075
0.0000000000000000 0.0000000000000000 0.0000000000000000 0.0000000000000000 0.0000000000000000 0.0000000000000000 
-0.7744817596370492 0.2491614178970820 0.0000000000000000 -4.3482168090811841 -5.0570489050134251 0.0000000000000000 
0.7744817596370492 -0.2491614178970820 0.0000000000000000 4.3482168090811841 5.0570489050134251 0.0000000000000000 
10.5600000000000076
0.0000000000000000 0.0000000000000000 0.0000000000000000 0.0000000000000000 0.0000000000000000 0.0000000000000000 
-0.9267439118071454 -0.2183281540237772 0.0000000000000000 -0.0779463290246304 -5.4135968029676338 0.0000000000000000 
0.9267439118071454 0.2183281540237772 0.0000000000000000 0.0779463290246304 5.4135968029676338 0.0000000000000000 
10.6400000000000077
0.0000000000000000 0.0000000000000000 0.0000000000000000 0.0000000000000000 0.0000000000000000 0.0000000000000000 
-0.7869531722809902 -0.6170140705777395 0.0000000000000000 3.0852013084897556 -3.9346526466397833 0.0000000000000000 
0.7869531722809902 0.6170140705777395 0.0000000000000000 -3.0852013084897556 3.9346526466397833 0.0000000000000000 
10.7200000000000077
0.0000000000000000 0.0000000000000000 0.0000000000000000 0.0000000000000000 0.0000000000000000 0.0000000000000000 
-0.4331117024487846 -0.8478725774861426 0.0000000000000000 5.2761500349466228 -1.2156149734339432 0.0000000000000000 
0.4331117024487846 0.8478725774861426 0.0000000000000000 -5.2761500349466228 1.2156149734339432 0.0000000000000000 
10.8000000000000078
0.0000000000000000 0.0000000000000000 0.0000000000000000 0.0000000000000000 0.0000000000000000 0.0000000000000000 
0.0572308333104695 -0.8115124663271704 0.0000000000000000 5.9485803325446076 3.0167812209689702 0.0000000000000000 
-0.0572308333104695 0.8115124663271704 0.0000000000000000 -5.9485803325446076 -3.0167812209689702 0.0000000000000000 
10.8800000000000079
0.0000000000000000 0.0000000000000000 0.0000000000000000 0.0000000000000000 0.0000000000000000 0.0000000000000000 
0.5186611507583527 -0.3651875821311074 0.0000000000000000 2.3133244558139379 8.0114013344185988 0.0000000000000000 
-0.5186611507583527 0.3651875821311074 0.0000000000000000 -2.3133244558139379 -8.0114013344185988 0.0000000000000000 
10.9600000000000080
0.0000000000000000 0.0000000000000000 0.0000000000000000 0.0000000000000000 0.0000000000000000 0.0000000000000000 
0.4273627462406996 0.4703117471798054 0.0000000000000000 -3.9722595710969517 7.3281999622442484 0.0000000000000000 
-0.4273627462406996 -0.4703117471798054 0.0000000000000000 3.9722595710969517 -7.3281999622442484 0.0000000000000000 
11.0400000000000080
0.0000000000000000 0.0000000000000000 0.0000000000000000 0.0000000000000000 0.0000000000000000 0.0000000000000000 
-0.1169003806171595 0.8073244118279724 0.0000000000000000 -6.4371862830863238 1.6843198352328619 0.0000000000000000 
0.1169003806171595 -0.8073244118279724 0.0000000000000000 6.4371862830863238 -1.6843198352328619 0.0000000000000000 
11.1200000000000081
0.0000000000000000 0.0000000000000000 0.0000000000000000 0.0000000000000000 0.0000000000000000 0.0000000000000000 
-0.6025870590531122 0.7398029208170633 0.0000000000000000 -4.8918321439177630 -2.2917987882994426 0.0000000000000000 
0.6025870590531122 -0.7398029208170633 0.0000000000000000 4.8918321439177630 2.2917987882994426 0.0000000000000000 
11.2000000000000082
0.0000000000000000 0.0000000000000000 0.0000000000000000 0.0000000000000000 0.0000000000000000 0.0000000000000000 
-0.8995935236440017 0.4406366057000616 0.0000000000000000 -2.1911045234220006 -4.4848245724608775 0.0000000000000000 
0.8995935236440017 -0.4406366057000616 0.0000000000000000 2.1911045234220006 4.4848245724608775 0.0000000000000000 
11.2800000000000082
0.0000000000000000 0.0000000000000000 0.0000000000000000 0.0000000000000000 0.0000000000000000 0.0000000000000000 
-0.9531637828006323 0.0222309892233229 0.0000000000000000 1.2000186117914931 -5.2736766666237571 0.0000000000000000 
0.9531637828006323 -0.0222309892233229 0.0000000000000000 -1.2000186117914931 5.2736766666237571 0.0000000000000000 
11.3600000000000083
0.0000000000000000 0.0000000000000000 0.0000000000000000 0.0000000000000000 0.0000000000000000 0.0000000000000000 
-0.7075905457573628 -0.4031516609597396 0.0000000000000000 5.2968120474161813 -4.0483602310239126 0.0000000000000000 
0.7075905457573628 0.4031516609597396 0.0000000000000000 -5.2968120474161813 4.0483602310239126 0.0000000000000000 
11.4400000000000084
0.0000000000000000 0.0000000000000000 0.0000000000000000 0.0000000000000000 0.0000000000000000 0.0000000000000000 
-0.1056738552140433 -0.6255066477405031 0.0000000000000000 8.2276596606387606 1.3859228735363494 0.0000000000000000 
0.1056738552140433 0.6255066477405031 0.0000000000000000 -8.2276596606387606 -1.3859228735363494 0.0000000000000000 
11.5200000000000085
0.0000000000000000 0.0000000000000000 0.0000000000000000 0.0000000000000000 0.0000000000000000 0.0000000000000000 
0.6088349999448390 -0.1814040011939237 0.0000000000000000 4.8945161737525451 6.7540715999334502 0.0000000000000000 
-0.6088349999448390 0.1814040011939237 0.0000000000000000 -4.8945161737525451 -6.7540715999334502 0.0000000000000000 
11.6000000000000085
0.0000000000000000 0.0000000000000000 0.0000000000000000 0.0000000000000000 0.0000000000000000 0.0000000000000000 
0.6774487325863640 0.4551448082488489 0.0000000000000000 -1.2607991432551446 6.5335627668896219 0.0000000000000000 
-0.6774487325863640 -0.4551448082488489 0.0000000000000000 1.2607991432551446 -6.5335627668896219 0.0000000000000000 
11.6800000000000086
0.0000000000000000 0.0000000000000000 0.0000000000000000 0.0000000000000000 0.0000000000000000 0.0000000000000000 
0.4071071370240159 0.8639660415084158 0.0000000000000000 -4.1736739600967310 3.4243748226556923 0.0000000000000000 
-0.4071071370240159 -0.8639660415084158 0.0000000000000000 4.1736739600967310 -3.4243748226556923 0.0000000000000000 
11.7600000000000087
0.0000000000000000 0.0000000000000000 0.0000000000000000 0.0000000000000000 0.0000000000000000 0.0000000000000000 
0.0096608989708870 1.0030447798737596 0.0000000000000000 -4.9843501304232678 0.0490244869843004 0.0000000000000000 
-0.0096608989708870 -1.0030447798737596 0.0000000000000000 4.9843501304232678 -0.0490244869843004 0.0000000000000000 
11.8400000000000087
0.0000000000000000 0.0000000000000000 0.0000000000000000 0.0000000000000000 0.0000000000000000 0.0000000000000000 
-0.3903888838437070 0.8718099594259038 0.0000000000000000 -4.2391950517496078 -3.3408418833407123 0.0000000000000000 
0.3903888838437070 -0.8718099594259038 0.0000000000000000 4.2391950517496078 3.3408418833407123 0.0000000000000000 
11.9200000000000088
0.0000000000000000 0.0000000000000000 0.0000000000000000 0.0000000000000000 0.0000000000000000 0.0000000000000000 
-0.6686103093090502 0.4685100785392455 0.0000000000000000 -1.3890428534439057 -6.5048644376021647 0.0000000000000000 
0.6686103093090502 -0.4685100785392455 0.0000000000000000 1.3890428534439057 6.5048644376021647 0.0000000000000000 
12.0000000000000089
0.0000000000000000 0.0000000000000000 0.0000000000000000 0.0000000000000000 0.0000000000000000 0.0000000000000000 
-0.6126357403947318 -0.1689683505904426 0.0000000000000000 4.7574224824482929 -6.8493329615003846 0.0000000000000000 
0.6126357403947318 0.1689683505904426 0.0000000000000000 -4.7574224824482929 6.8493329615003846 0.0000000000000000 
12.0800000000000090
0.0000000000000000 0.0000000000000000 0.0000000000000000 0.0000000000000000 0.0000000000000000 0.0000000000000000 
0.0925772878826768 -0.6273831953008160 0.0000000000000000 8.1981100907554847 -1.5485061989254678 0.0000000000000000 
-0.0925772878826768 0.6273831953008160 0.0000000000000000 -8.1981100907554847 1.5485061989254678 0.0000000000000000 
12.1600000000000090
0.0000000000000000 0.0000000000000000 0.0000000000000000 0.0000000000000000 0.0000000000000000 0.0000000000000000 
0.6990618741261458 -0.4167293424185174 0.0000000000000000 5.3764441826455718 3.9474015868276422 0.0000000000000000 
-0.6990618741261458 0.4167293424185174 0.0000000000000000 -5.3764441826455718 -3.9474015868276422 0.0000000000000000 
12.2400000000000091
0.0000000000000000 0.0000000000000000 0.0000000000000000 0.0000000000000000 0.0000000000000000 0.0000000000000000 
0.9528083571059683 0.0042010585916068 0.0000000000000000 1.2993167425035055 5.2533738484071959 0.0000000000000000 
-0.9528083571059683 -0.0042010585916068 0.0000000000000000 -1.2993167425035055 -5.2533738484071959 0.0000000000000000 
12.3200000000000092
0.0000000000000000 0.0000000000000000 0.0000000000000000 0.0000000000000000 0.0000000000000000 0.0000000000000000 
0.9069525529267067 0.4238104733266339 0.0000000000000000 -2.1099928709033198 4.5269875578578853 0.0000000000000000 
-0.9069525529267067 -0.4238104733266339 0.0000000000000000 2.1099928709033198 -4.5269875578578853 0.0000000000000000 
12.4000000000000092
0.0000000000000000 0.0000000000000000 0.0000000000000000 0.0000000000000000 0.0000000000000000 0.0000000000000000 
0.6152094977614372 0.7285190678488684 0.0000000000000000 -4.8531192392250819 2.3803437707136976 0.0000000000000000 
-0.6152094977614372 -0.7285190678488684 0.0000000000000000 4.8531192392250819 -2.3803437707136976 0.0000000000000000 
12.4800000000000093
0.0000000000000000 0.0000000000000000 0.0000000000000000 0.0000000000000000 0.0000000000000000 0.0000000000000000 
0.1304534746506936 0.8046654766408255 0.0000000000000000 -6.4688594414989469 -1.5734948138857996 0.0000000000000000 
-0.1304534746506936 -0.8046654766408255 0.0000000000000000 6.4688594414989469 1.5734948138857996 0.0000000000000000 
12.5600000000000094
0.0000000000000000 0.0000000000000000 0.0000000000000000 0.0000000000000000 0.0000000000000000 0.0000000000000000 
-0.4198080128783943 0.4767598976271405 0.0000000000000000 -4.0942524460022982 -7.2605203556874480 0.0000000000000000 
0.4198080128783943 -0.4767598976271405 0.0000000000000000 4.0942524460022982 7.2605203556874480 0.0000000000000000 
12.6400000000000095
0.0000000000000000 0.0000000000000000 0.0000000000000000 0.0000000000000000 0.0000000000000000 0.0000000000000000 
-0.5246269167096741 -0.3570177802691661 0.0000000000000000 2.1798404486041552 -8.0471627879411809 0.0000000000000000 
0.5246269167096741 0.3570177802691661 0.0000000000000000 -2.1798404486041552 8.0471627879411809 0.0000000000000000 
12.7200000000000095
0.0000000000000000 0.0000000000000000 0.0000000000000000 0.0000000000000000 0.0000000000000000 0.0000000000000000 
-0.0710335411017294 -0.8107861484434484 0.0000000000000000 5.8938987672767595 -3.1155495802630728 0.0000000000000000 
0.0710335411017294 0.8107861484434484 0.0000000000000000 -5.8938987672767595 3.1155495802630728 0.0000000000000000 
12.8000000000000096
0.0000000000000000 0.0000000000000000 0.0000000000000000 0.0000000000000000 0.0000000000000000 0.0000000000000000 
0.4183968860546075 -0.8555057131112578 0.0000000000000000 5.2943772455193994 1.1248411132545806 0.0000000000000000 
-0.4183968860546075 0.8555057131112578 0.0000000000000000 -5.2943772455193994 -1.1248411132545806 0.0000000000000000 
12.8800000000000097
0.0000000000000000 0.0000000000000000 0.0000000000000000 0.0000000000000000 0.0000000000000000 0.0000000000000000 
0.7760668181813745 -0.6308115703227155 0.0000000000000000 3.1519620780640416 3.8807300884173506 0.0000000000000000 
-0.7760668181813745 0.6308115703227155 0.0000000000000000 -3.1519620780640416 -3.8807300884173506 0.0000000000000000 
12.9600000000000097
0.0000000000000000 0.0000000000000000 0.0000000000000000 0.0000000000000000 0.0000000000000000 0.0000000000000000 
0.9227108185448541 -0.2345888989644817 0.0000000000000000 0.0153796019963718 5.4149057491063584 0.0000000000000000 
-0.9227108185448541 0.2345888989644817 0.0000000000000000 -0.0153796019963718 -5.4149057491063584 0.0000000000000000 
13.0400000000000098
0.0000000000000000 0.0000000000000000 0.0000000000000000 0.0000000000000000 0.0000000000000000 0.0000000000000000 
0.7785275545007940 0.2355733495343018 0.0000000000000000 -4.2616938543848066 5.1328414529851454 0.0000000000000000 
-0.7785275545007940 -0.2355733495343018 0.0000000000000000 4.2616938543848066 -5.1328414529851454 0.0000000000000000 
13.1200000000000099
0.0000000000000000 0.0000000000000000 0.0000000000000000 0.0000000000000000 0.0000000000000000 0.0000000000000000 
0.2408398018432851 0.5866657335131417 0.0000000000000000 -8.3263579996448822 0.4783722448015242 0.0000000000000000 
-0.2408398018432851 -0.5866657335131417 0.0000000000000000 8.3263579996448822 -0.4783722448015242 0.0000000000000000 
13.2000000000000099
0.0000000000000000 0.0000000000000000 0.0000000000000000 0.0000000000000000 0.0000000000000000 0.0000000000000000 
-0.5536897254423871 0.3121129087025458 0.0000000000000000 -6.2658537910404082 -5.4982890378562450 0.0000000000000000 
0.5536897254423871 -0.3121129087025458 0.0000000000000000 6.2658537910404082 5.4982890378562450 0.0000000000000000 
13.2800000000000100
0.0000000000000000 0.0000000000000000 0.0000000000000000 0.0000000000000000 0.0000000000000000 0.0000000000000000 
-0.7616968047231802 -0.2930605125438576 0.0000000000000000 -0.2180176023002461 -6.6481732874198478 0.0000000000000000 
0.7616968047231802 0.2930605125438576 0.0000000000000000 0.2180176023002461 6.6481732874198478 0.0000000000000000 
13.3600000000000101
0.0000000000000000 0.0000000000000000 0.0000000000000000 0.0000000000000000 0.0000000000000000 0.0000000000000000 
-0.5885725418104265 -0.7515948172846300 0.0000000000000000 3.3141861017521834 -4.2629832759246558 0.0000000000000000 
0.5885725418104265 0.7515948172846300 0.0000000000000000 -3.3141861017521834 4.2629832759246558 0.0000000000000000 
13.4400000000000102
0.0000000000000000 0.0000000000000000 0.0000000000000000 0.0000000000000000 0.0000000000000000 0.0000000000000000 
-0.2314270284428309 -0.9751378366918025 0.0000000000000000 4.8551319547159979 -1.1475631459815010 0.0000000000000000 
0.2314270284428309 0.9751378366918025 0.0000000000000000 -4.8551319547159979 1.1475631459815010 0.0000000000000000 
13.5200000000000102
0.0000000000000000 0.0000000000000000 0.0000000000000000 0.0000000000000000 0.0000000000000000 0.0000000000000000 
0.1882485709441332 -0.9352049206416702 0.0000000000000000 4.8773191671443987 2.3304671751098085 0.0000000000000000 
-0.1882485709441332 0.9352049206416702 0.0000000000000000 -4.8773191671443987 -2.3304671751098085 0.0000000000000000 
13.6000000000000103
0.0000000000000000 0.0000000000000000 0.0000000000000000 0.0000000000000000 0.0000000000000000 0.0000000000000000 
0.5489440383002729 -0.6022630886742332 0.0000000000000000 2.7841836686679851 6.0537845616493975 0.0000000000000000 
-0.5489440383002729 0.6022630886742332 0.0000000000000000 -2.7841836686679851 -6.0537845616493975 0.0000000000000000 
13.6800000000000104
0.0000000000000000 0.0000000000000000 0.0000000000000000 0.0000000000000000 0.0000000000000000 0.0000000000000000 
0.6337179579310108 0.0334006092222335 0.0000000000000000 -3.1558324874291315 7.7236146002499790 0.0000000000000000 
-0.6337179579310108 -0.0334006092222335 0.0000000000000000 3.1558324874291315 -7.7236146002499790 0.0000000000000000 
13.7600000000000104
0.0000000000000000 0.0000000000000000 0.0000000000000000 0.0000000000000000 0.0000000000000000 0.0000000000000000 
0.0440108403116119 0.6335152473657635 0.0000000000000000 -7.6634856411995722 3.2961197128792108 0.0000000000000000 
-0.0440108403116119 -0.6335152473657635 0.0000000000000000 7.6634856411995722 -3.2961197128792108 0.0000000000000000 
13.8400000000000105
0.0000000000000000 0.0000000000000000 0.0000000000000000 0.0000000000000000 0.0000000000000000 0.0000000000000000 
-0.5924397446609208 0.5607797632829072 0.0000000000000000 -6.1003442309217837 -2.6653350327520653 0.0000000000000000 
0.5924397446609208 -0.5607797632829072 0.0000000000000000 6.1003442309217837 2.6653350327520653 0.0000000000000000 
13.9200000000000106
0.0000000000000000 0.0000000000000000 0.0000000000000000 0.0000000000000000 0.0000000000000000 0.0000000000000000 
-0.9320442366358734 0.2070616421254331 0.0000000000000000 -2.4245482739107276 -4.8259179942216761 0.0000000000000000 
0.9320442366358734 -0.2070616421254331 0.0000000000000000 2.4245482739107276 4.8259179942216761 0.0000000000000000 
14.0000000000000107
0.0000000000000000 0.0000000000000000 0.0000000000000000 0.0000000000000000 0.0000000000000000 0.0000000000000000 
-0.9803674684866371 -0.2113671157925610 0.0000000000000000 1.0481978735469351 -4.8741370886825059 0.0000000000000000 
0.9803674684866371 0.2113671157925610 0.0000000000000000 -1.0481978735469351 4.8741370886825059 0.0000000000000000 
14.0800000000000107
0.0000000000000000 0.0000000000000000 0.0000000000000000 0.0000000000000000 0.0000000000000000 0.0000000000000000 
-0.7643325768683639 -0.5728002920637679 0.0000000000000000 4.1915870372517148 -3.4004277712464175 0.0000000000000000 
0.7643325768683639 0.5728002920637679 0.0000000000000000 -4.1915870372517148 3.4004277712464175 0.0000000000000000 
14.1600000000000108
0.0000000000000000 0.0000000000000000 0.0000000000000000 0.0000000000000000 0.0000000000000000 0.0000000000000000 
-0.3097135425263629 -0.7554355591919878 0.0000000000000000 6.6501375494993482 0.0766849851509037 0.0000000000000000 
0.3097135425263629 0.7554355591919878 0.0000000000000000 -6.6501375494993482 -0.0766849851509037 0.0000000000000000 
14.2400000000000109
0.0000000000000000 0.0000000000000000 0.0000000000000000 0.0000000000000000 0.0000000000000000 0.0000000000000000 
0.2996894310515318 -0.5605306944396233 0.0000000000000000 5.6335688504740711 6.1470694298644650 0.0000000000000000 
-0.2996894310515318 0.5605306944396233 0.0000000000000000 -5.6335688504740711 -6.1470694298644650 0.0000000000000000 
14.3200000000000109
0.0000000000000000 0.0000000000000000 0.0000000000000000 0.0000000000000000 0.0000000000000000 0.0000000000000000 
0.5916574735494885 0.2280955495863267 0.0000000000000000 -0.2953413745908308 8.3369756444639016 0.0000000000000000 
-0.5916574735494885 -0.2280955495863267 0.0000000000000000 0.2953413745908308 -8.3369756444639016 0.0000000000000000 
14.4000000000000110
0.0000000000000000 0.0000000000000000 0.0000000000000000 0.0000000000000000 0.0000000000000000 0.0000000000000000 
0.2524348111169989 0.7733854086746009 0.0000000000000000 -5.0372871969189976 4.3743395679595096 0.0000000000000000 
-0.2524348111169989 -0.7733854086746009 0.0000000000000000 5.0372871969189976 -4.3743395679595096 0.0000000000000000 
14.4800000000000111
0.0000000000000000 0.0000000000000000 0.0000000000000000 0.0000000000000000 0.0000000000000000 0.0000000000000000 
-0.2143084779575511 0.9279898804598483 0.0000000000000000 -5.4125846043871304 0.1064994731964927 0.0000000000000000 
0.2143084779575511 -0.9279898804598483 0.0000000000000000 5.4125846043871304 -0.1064994731964927 0.0000000000000000 
14.5600000000000112
0.0000000000000000 0.0000000000000000 0.0000000000000000 0.0000000000000000 0.0000000000000000 0.0000000000000000 
-0.6135787255849420 0.7904253243860397 0.0000000000000000 -3.9497486239467152 -3.0607623510467099 0.0000000000000000 
0.6135787255849420 -0.7904253243860397 0.0000000000000000 3.9497486239467152 3.0607623510467099 0.0000000000000000 
14.6400000000000112
0.0000000000000000 0.0000000000000000 0.0000000000000000 0.0000000000000000 0.0000000000000000 0.0000000000000000 
-0.8462682577890256 0.4382679042923747 0.0000000000000000 -1.2465473522152191 -5.2627264030665506 0.0000000000000000 
0.8462682577890256 -0.4382679042923747 0.0000000000000000 1.2465473522152191 5.2627264030665506 0.0000000000000000 
14.7200000000000113
0.0000000000000000 0.0000000000000000 0.0000000000000000 0.0000000000000000 0.0000000000000000 0.0000000000000000 
-0.8130263019393771 -0.0516109001046084 0.0000000000000000 2.9718719189769947 -5.9612081475162180 0.0000000000000000 
0.8130263019393771 0.0516109001046084 0.0000000000000000 -2.9718719189769947 5.9612081475162180 0.0000000000000000 
14.8000000000000114
0.0000000000000000 0.0000000000000000 0.0000000000000000 0.0000000000000000 0.0000000000000000 0.0000000000000000 
-0.3707687507527064 -0.5155253993102201 0.0000000000000000 7.9897954147793664 -2.3762993148701255 0.0000000000000000 
0.3707687507527064 0.5155253993102201 0.0000000000000000 -7.9897954147793664 2.3762993148701255 0.0000000000000000 
14.8800000000000114
0.0000000000000000 0.0000000000000000 0.0000000000000000 0.0000000000000000 0.0000000000000000 0.0000000000000000 
0.4653409644253215 -0.4318187904838284 0.0000000000000000 7.3593180169114687 3.9156410770792225 0.0000000000000000 
-0.4653409644253215 0.4318187904838284 0.0000000000000000 -7.3593180169114687 -3.9156410770792225 0.0000000000000000 
14.9600000000000115
0.0000000000000000 0.0000000000000000 0.0000000000000000 0.0000000000000000 0.0000000000000000 0.0000000000000000 
0.8067221319531286 0.1109771730224555 0.0000000000000000 1.7275313077982022 6.4355697398281890 0.0000000000000000 
-0.8067221319531286 -0.1109771730224555 0.0000000000000000 -1.7275313077982022 -6.4355697398281890 0.0000000000000000 
15.0400000000000116
0.0000000000000000 0.0000000000000000 0.0000000000000000 0.0000000000000000 0.0000000000000000 0.0000000000000000 
0.7417459736730339 0.5978723678886818 0.0000000000000000 -2.2704613804284661 4.9107834859499961 0.0000000000000000 
-0.7417459736730339 -0.5978723678886818 0.0000000000000000 2.2704613804284661 -4.9107834859499961 0.0000000000000000 
15.1200000000000117
0.0000000000000000 0.0000000000000000 0.0000000000000000 0.0000000000000000 0.0000000000000000 0.0000000000000000 
0.4434483110845739 0.8967025307744548 0.0000000000000000 -4.4817674028865664 2.2126317835993223 0.0000000000000000 
-0.4434483110845739 -0.8967025307744548 0.0000000000000000 4.4817674028865664 -2.2126317835993223 0.0000000000000000 
15.2000000000000117
0.0000000000000000 0.0000000000000000 0.0000000000000000 0.0000000000000000 0.0000000000000000 0.0000000000000000 
0.0246631892111832 0.9518934532645733 0.0000000000000000 -5.2833759563760463 -1.1843960551768042 0.0000000000000000 
-0.0246631892111832 -0.9518934532645733 0.0000000000000000 5.2833759563760463 1.1843960551768042 0.0000000000000000 
15.2800000000000118
0.0000000000000000 0.0000000000000000 0.0000000000000000 0.0000000000000000 0.0000000000000000 0.0000000000000000 
-0.4018918419355935 0.7071991619461661 0.0000000000000000 -4.0624811838404353 -5.2925102961081141 0.0000000000000000 
0.4018918419355935 -0.7071991619461661 0.0000000000000000 4.0624811838404353 5.2925102961081141 0.0000000000000000 
15.3600000000000119
0.0000000000000000 0.0000000000000000 0.0000000000000000 0.0000000000000000 0.0000000000000000 0.0000000000000000 
-0.6253338002032864 0.1050918058872750 0.0000000000000000 1.3764502419412767 -8.2270519200579670 0.0000000000000000 
0.6253338002032864 -0.1050918058872750 0.0000000000000000 -1.3764502419412767 8.2270519200579670 0.0000000000000000 
15.4400000000000119
0.0000000000000000 0.0000000000000000 0.0000000000000000 0.0000000000000000 0.0000000000000000 0.0000000000000000 
-0.1816598032249892 -0.6091291452631088 0.0000000000000000 6.7483928156829212 -4.8957294706626966 0.0000000000000000 
0.1816598032249892 0.6091291452631088 0.0000000000000000 -6.7483928156829212 4.8957294706626966 0.0000000000000000 
15.5200000000000120
0.0000000000000000 0.0000000000000000 0.0000000000000000 0.0000000000000000 0.0000000000000000 0.0000000000000000 
0.4544090503059809 -0.6782249094187565 0.0000000000000000 6.5310889453962613 1.2553728655242811 0.0000000000000000 
-0.4544090503059809 0.6782249094187565 0.0000000000000000 -6.5310889453962613 -1.2553728655242811 0.0000000000000000 
15.6000000000000121
0.0000000000000000 0.0000000000000000 0.0000000000000000 0.0000000000000000 0.0000000000000000 0.0000000000000000 
0.8633144280384126 -0.4082694867792238 0.0000000000000000 3.4262055738763482 4.1713478795157615 0.0000000000000000 
-0.8633144280384126 0.4082694867792238 0.0000000000000000 -3.4262055738763482 -4.1713478795157615 0.0000000000000000 
15.6800000000000122
0.0000000000000000 0.0000000000000000 0.0000000000000000 0.0000000000000000 0.0000000000000000 0.0000000000000000 
1.0026019421261967 -0.0108092486962346 0.0000000000000000 0.0502009391582632 4.9864828258377578 0.0000000000000000 
-1.0026019421261967 0.0108092486962346 0.0000000000000000 -0.0502009391582632 -4.9864828258377578 0.0000000000000000 
15.7600000000000122
0.0000000000000000 0.0000000000000000 0.0000000000000000 0.0000000000000000 0.0000000000000000 0.0000000000000000 
0.8713465783037347 0.3895677653548175 0.0000000000000000 -3.3442489109638225 4.2430744746400784 0.0000000000000000 
-0.8713465783037347 -0.3895677653548175 0.0000000000000000 3.3442489109638225 -4.2430744746400784 0.0000000000000000 
15.8400000000000123
0.0000000000000000 0.0000000000000000 0.0000000000000000 0.0000000000000000 0.0000000000000000 0.0000000000000000 
0.4675221163719851 0.6680826672461780 0.0000000000000000 -6.5137094471639685 1.3866801081047724 0.0000000000000000 
-0.4675221163719851 -0.6680826672461780 0.0000000000000000 6.5137094471639685 -1.3866801081047724 0.0000000000000000 
15.9200000000000124
0.0000000000000000 0.0000000000000000 0.0000000000000000 0.0000000000000000 0.0000000000000000 0.0000000000000000 
-0.1708469332425002 0.6114365826515812 0.0000000000000000 -6.8445279806915682 -4.7703823893988773 0.0000000000000000 
0.1708469332425002 -0.6114365826515812 0.0000000000000000 6.8445279806915682 4.7703823893988773 0.0000000000000000 
16.0000000000000107
0.0000000000000000 0.0000000000000000 0.0000000000000000 0.0000000000000000 0.0000000000000000 0.0000000000000000 
-0.6276023605386658 -0.0951785150576423 0.0000000000000000 -1.5381855486051057 -8.2001001589322478 0.0000000000000000 
0.6276023605386658 0.0951785150576423 0.0000000000000000 1.5381855486051057 8.2001001589322478 0.0000000000000000 
16.0800000000000090
0.0000000000000000 0.0000000000000000 0.0000000000000000 0.0000000000000000 0.0000000000000000 0.0000000000000000 
-0.4169566210193171 -0.7005794427775786 0.0000000000000000 3.9411574162383838 -5.3696380404264517 0.0000000000000000 
0.4169566210193171 0.7005794427775786 0.0000000000000000 -3.9411574162383838 5.3696380404264517 0.0000000000000000 
16.1600000000000072
0.0000000000000000 0.0000000000000000 0.0000000000000000 0.0000000000000000 0.0000000000000000 0.0000000000000000 
0.0029828260594756 -0.9543206015258746 0.0000000000000000 5.2434088041876876 -1.3051528921993192 0.0000000000000000 
-0.0029828260594756 0.9543206015258746 0.0000000000000000 -5.2434088041876876 1.3051528921993192 0.0000000000000000 
16.2400000000000055
0.0000000000000000 0.0000000000000000 0.0000000000000000 0.0000000000000000 0.0000000000000000 0.0000000000000000 
0.4219887876507129 -0.9094039055294696 0.0000000000000000 4.5256361417249407 2.0957163877113110 0.0000000000000000 
-0.4219887876507129 0.9094039055294696 0.0000000000000000 -4.5256361417249407 -2.0957163877113110 0.0000000000000000 
16.3200000000000038
0.0000000000000000 0.0000000000000000 0.0000000000000000 0.0000000000000000 0.0000000000000000 0.0000000000000000 
0.7270846087354661 -0.6190059794920648 0.0000000000000000 2.3940850040659325 4.8385662752364444 0.0000000000000000 
-0.7270846087354661 0.6190059794920648 0.0000000000000000 -2.3940850040659325 -4.8385662752364444 0.0000000000000000 
16.4000000000000021
0.0000000000000000 0.0000000000000000 0.0000000000000000 0.0000000000000000 0.0000000000000000 0.0000000000000000 
0.8050423883012621 -0.1352333014916384 0.0000000000000000 -1.5413704006273707 6.4697768512398364 0.0000000000000000 
-0.8050423883012621 0.1352333014916384 0.0000000000000000 1.5413704006273707 -6.4697768512398364 0.0000000000000000 
16.4800000000000004
0.0000000000000000 0.0000000000000000 0.0000000000000000 0.0000000000000000 0.0000000000000000 0.0000000000000000 
0.4804653446350867 0.4161583167063090 0.0000000000000000 -7.2376222676600994 4.1376622108809329 0.0000000000000000 
-0.4804653446350867 -0.4161583167063090 0.0000000000000000 7.2376222676600994 -4.1376622108809329 0.0000000000000000 
16.5599999999999987
0.0000000000000000 0.0000000000000000 0.0000000000000000 0.0000000000000000 0.0000000000000000 0.0000000000000000 
-0.3529771745243538 0.5267926522493108 0.0000000000000000 -8.0646683253878475 -2.1292934433245629 0.0000000000000000 
0.3529771745243538 -0.5267926522493108 0.0000000000000000 8.0646683253878475 2.1292934433245629 0.0000000000000000 
16.6399999999999970
0.0000000000000000 0.0000000000000000 0.0000000000000000 0.0000000000000000 0.0000000000000000 0.0000000000000000 
-0.8098815874269689 0.0754713657743789 0.0000000000000000 -3.1528774380891842 -5.8799312239674935 0.0000000000000000 
0.8098815874269689 -0.0754713657743789 0.0000000000000000 3.1528774380891842 5.8799312239674935 0.0000000000000000 
16.7199999999999953
0.0000000000000000 0.0000000000000000 0.0000000000000000 0.0000000000000000 0.0000000000000000 0.0000000000000000 
-0.8574375646186233 -0.4139963435854881 0.0000000000000000 1.0941763802439102 -5.3030274937439632 0.0000000000000000 
0.8574375646186233 0.4139963435854881 0.0000000000000000 -1.0941763802439102 5.3030274937439632 0.0000000000000000 
16.7999999999999936
0.0000000000000000 0.0000000000000000 0.0000000000000000 0.0000000000000000 0.0000000000000000 0.0000000000000000 
-0.6348133665879433 -0.7730130332246552 0.0000000000000000 3.8611162414898930 -3.1746445941505517 0.0000000000000000 
0.6348133665879433 0.7730130332246552 0.0000000000000000 -3.8611162414898930 3.1746445941505517 0.0000000000000000 
16.8799999999999919
0.0000000000000000 0.0000000000000000 0.0000000000000000 0.0000000000000000 0.0000000000000000 0.0000000000000000 
-0.2396589659802405 -0.9219394786495764 0.0000000000000000 5.4107741415733033 -0.0483758610068636 0.0000000000000000 
0.2396589659802405 0.9219394786495764 0.0000000000000000 -5.4107741415733033 0.0483758610068636 0.0000000000000000 
16.9599999999999902
0.0000000000000000 0.0000000000000000 0.0000000000000000 0.0000000000000000 0.0000000000000000 0.0000000000000000 
0.2309104960637852 -0.7807531709857534 0.0000000000000000 5.1547986399327659 4.2240375933800030 0.0000000000000000 
-0.2309104960637852 0.7807531709857534 0.0000000000000000 -5.1547986399327659 -4.2240375933800030 0.0000000000000000 
17.0399999999999885
0.0000000000000000 0.0000000000000000 0.0000000000000000 0.0000000000000000 0.0000000000000000 0.0000000000000000 
0.5851088164090020 -0.2460934637087759 0.0000000000000000 0.5382231940409110 8.3190453697207243 0.0000000000000000 
-0.5851088164090020 0.2460934637087759 0.0000000000000000 -0.5382231940409110 -8.3190453697207243 0.0000000000000000 
17.1199999999999868
0.0000000000000000 0.0000000000000000 0.0000000000000000 0.0000000000000000 0.0000000000000000 0.0000000000000000 
0.3170262071103310 0.5502940881695625 0.0000000000000000 -5.4550755119288405 6.3026467542843942 0.0000000000000000 
-0.3170262071103310 -0.5502940881695625 0.0000000000000000 5.4550755119288405 -6.3026467542843942 0.0000000000000000 
17.1999999999999851
0.0000000000000000 0.0000000000000000 0.0000000000000000 0.0000000000000000 0.0000000000000000 0.0000000000000000 
-0.2877032654996124 0.7623300169767272 0.0000000000000000 -6.6550113369341251 0.2548282006392172 0.0000000000000000 
0.2877032654996124 -0.7623300169767272 0.0000000000000000 6.6550113369341251 -0.2548282006392172 0.0000000000000000 
17.2799999999999834
0.0000000000000000 0.0000000000000000 0.0000000000000000 0.0000000000000000 0.0000000000000000 0.0000000000000000 
-0.7477756067991291 0.5910666002718372 0.0000000000000000 -4.2829494762656584 -3.3011127823412934 0.0000000000000000 
0.7477756067991291 -0.5910666002718372 0.0000000000000000 4.2829494762656584 3.3011127823412934 0.0000000000000000 
17.3599999999999817
0.0000000000000000 0.0000000000000000 0.0000000000000000 0.0000000000000000 0.0000000000000000 0.0000000000000000 
-0.9729751817021178 0.2341519718021202 0.0000000000000000 -1.1646709453580042 -4.8585925833934400 0.0000000000000000 
0.9729751817021178 -0.2341519718021202 0.0000000000000000 1.1646709453580042 4.8585925833934400 0.0000000000000000 
17.4399999999999800
0.0000000000000000 0.0000000000000000 0.0000000000000000 0.0000000000000000 0.0000000000000000 0.0000000000000000 
-0.9341229580564098 -0.1863082130711132 0.0000000000000000 2.3231604172948299 -4.8892665516743099 0.0000000000000000 
0.9341229580564098 0.1863082130711132 0.0000000000000000 -2.3231604172948299 4.8892665516743099 0.0000000000000000 
17.5199999999999783
0.0000000000000000 0.0000000000000000 0.0000000000000000 0.0000000000000000 0.0000000000000000 0.0000000000000000 
-0.6012695149349450 -0.5481306764657694 0.0000000000000000 6.0585028682657800 -2.7926723087388878 0.0000000000000000 
0.6012695149349450 0.5481306764657694 0.0000000000000000 -6.0585028682657800 2.7926723087388878 0.0000000000000000 
17.5999999999999766
0.0000000000000000 0.0000000000000000 0.0000000000000000 0.0000000000000000 0.0000000000000000 0.0000000000000000 
0.0352375008661151 -0.6331357824693352 0.0000000000000000 7.7214021692359278 3.1586801868639367 0.0000000000000000 
-0.0352375008661151 0.6331357824693352 0.0000000000000000 -7.7214021692359278 -3.1586801868639367 0.0000000000000000 
17.6799999999999748
0.0000000000000000 0.0000000000000000 0.0000000000000000 0.0000000000000000 0.0000000000000000 0.0000000000000000 
0.6341548321428035 -0.0427418465675395 0.0000000000000000 3.2878551168906740 7.6629093633765430 0.0000000000000000 
-0.6341548321428035 0.0427418465675395 0.0000000000000000 -3.2878551168906740 -7.6629093633765430 0.0000000000000000 
17.7599999999999731
0.0000000000000000 0.0000000000000000 0.0000000000000000 0.0000000000000000 0.0000000000000000 0.0000000000000000 
0.5612943195686230 0.5929297156709117 0.0000000000000000 -2.6639304399780026 6.0939089572214780 0.0000000000000000 
-0.5612943195686230 -0.5929297156709117 0.0000000000000000 2.6639304399780026 -6.0939089572214780 0.0000000000000000 
17.8399999999999714
0.0000000000000000 0.0000000000000000 0.0000000000000000 0.0000000000000000 0.0000000000000000 0.0000000000000000 
0.2079259617463231 0.9322835865878970 0.0000000000000000 -4.8226968637102798 2.4233571731111563 0.0000000000000000 
-0.2079259617463231 -0.9322835865878970 0.0000000000000000 4.8226968637102798 -2.4233571731111563 0.0000000000000000 
17.9199999999999697
0.0000000000000000 0.0000000000000000 0.0000000000000000 0.0000000000000000 0.0000000000000000 0.0000000000000000 
-0.2103371786250218 0.9806668633686967 0.0000000000000000 -4.8738834106618487 -1.0475753486945205 0.0000000000000000 
0.2103371786250218 -0.9806668633686967 0.0000000000000000 4.8738834106618487 1.0475753486945205 0.0000000000000000 
17.9999999999999680
0.0000000000000000 0.0000000000000000 0.0000000000000000 0.0000000000000000 0.0000000000000000 0.0000000000000000 
-0.5718953839595727 0.7646715307967737 0.0000000000000000 -3.4028058809330810 -4.1930242580733239 0.0000000000000000 
0.5718953839595727 -0.7646715307967737 0.0000000000000000 3.4028058809330810 4.1930242580733239 0.0000000000000000 
18.0799999999999663
0.0000000000000000 0.0000000000000000 0.0000000000000000 0.0000000000000000 0.0000000000000000 0.0000000000000000 
-0.7547861195743149 0.3097829820769649 0.0000000000000000 0.0764468484415434 -6.6557688362285710 0.0000000000000000 
0.7547861195743149 -0.3097829820769649 0.0000000000000000 -0.0764468484415434 6.6557688362285710 0.0000000000000000 
18.1599999999999646
0.0000000000000000 0.0000000000000000 0.0000000000000000 0.0000000000000000 0.0000000000000000 0.0000000000000000 
-0.5596638882089258 -0.3002514829997976 0.0000000000000000 6.1527837641839813 -5.6330551544354810 0.0000000000000000 
0.5596638882089258 0.3002514829997976 0.0000000000000000 -6.1527837641839813 5.6330551544354810 0.0000000000000000 
18.2399999999999629
0.0000000000000000 0.0000000000000000 0.0000000000000000 0.0000000000000000 0.0000000000000000 0.0000000000000000 
0.2296592826951222 -0.5915058426327120 0.0000000000000000 8.3383199637386536 0.2953724443947906 0.0000000000000000 
-0.2296592826951222 0.5915058426327120 0.0000000000000000 -8.3383199637386536 -0.2953724443947906 0.0000000000000000 
18.3199999999999612
0.0000000000000000 0.0000000000000000 0.0000000000000000 0.0000000000000000 0.0000000000000000 0.0000000000000000 
0.7744673059892588 -0.2529918918966311 0.0000000000000000 4.3757015399862960 5.0266589162872508 0.0000000000000000 
-0.7744673059892588 0.2529918918966311 0.0000000000000000 -4.3757015399862960 -5.0266589162872508 0.0000000000000000 
18.3999999999999595
0.0000000000000000 0.0000000000000000 0.0000000000000000 0.0000000000000000 0.0000000000000000 0.0000000000000000 
0.9297715290929295 0.2127595839732481 0.0000000000000000 0.1197238961052403 5.4050616189869665 0.0000000000000000 
-0.9297715290929295 -0.2127595839732481 0.0000000000000000 -0.1197238961052403 -5.4050616189869665 0.0000000000000000 
18.4799999999999578
0.0000000000000000 0.0000000000000000 0.0000000000000000 0.0000000000000000 0.0000000000000000 0.0000000000000000 
0.7936231293660972 0.6118179671412836 0.0000000000000000 -3.0426413387746467 3.9545941206094883 0.0000000000000000 
-0.7936231293660972 -0.6118179671412836 0.0000000000000000 3.0426413387746467 -3.9545941206094883 0.0000000000000000 
18.5599999999999561
0.0000000000000000 0.0000000000000000 0.0000000000000000 0.0000000000000000 0.0000000000000000 0.0000000000000000 
0.4429489148889860 0.8454946432707663 0.0000000000000000 -5.2493492691501347 1.2680995333672611 0.0000000000000000 
-0.4429489148889860 -0.8454946432707663 0.0000000000000000 5.2493492691501347 -1.2680995333672611 0.0000000000000000 
18.6399999999999544
0.0000000000000000 0.0000000000000000 0.0000000000000000 0.0000000000000000 0.0000000000000000 0.0000000000000000 
-0.0462727536979243 0.8147138924800453 0.0000000000000000 -5.9705067663591729 -2.9335879422098681 0.0000000000000000 
0.0462727536979243 -0.8147138924800453 0.0000000000000000 5.9705067663591729 2.9335879422098681 0.0000000000000000 
18.7199999999999527
0.0000000000000000 0.0000000000000000 0.0000000000000000 0.0000000000000000 0.0000000000000000 0.0000000000000000 
-0.5123321677284817 0.3761205725171874 0.0000000000000000 -2.4333382639638499 -7.9728966407487682 0.0000000000000000 
0.5123321677284817 -0.3761205725171874 0.0000000000000000 2.4333382639638499 7.9728966407487682 0.0000000000000000 
18.7999999999999510
0.0000000000000000 0.0000000000000000 0.0000000000000000 0.0000000000000000 0.0000000000000000 0.0000000000000000 
-0.4356068759321404 -0.4609495700397576 0.0000000000000000 3.8619885762755026 -7.3915684167688598 0.0000000000000000 
0.4356068759321404 0.4609495700397576 0.0000000000000000 -3.8619885762755026 7.3915684167688598 0.0000000000000000 
18.8799999999999493
0.0000000000000000 0.0000000000000000 0.0000000000000000 0.0000000000000000 0.0000000000000000 0.0000000000000000 
0.1055860044755987 -0.8065303741658302 0.0000000000000000 6.4313901515397092 -1.7721241205882559 0.0000000000000000 
-0.1055860044755987 0.8065303741658302 0.0000000000000000 -6.4313901515397092 1.7721241205882559 0.0000000000000000 
18.9599999999999476
0.0000000000000000 0.0000000000000000 0.0000000000000000 0.0000000000000000 0.0000000000000000 0.0000000000000000 
0.5934155483142132 -0.7444894293338785 0.0000000000000000 4.9288456165990295 2.2421497775095296 0.0000000000000000 
-0.5934155483142132 0.7444894293338785 0.0000000000000000 -4.9288456165990295 -2.2421497775095296 0.0000000000000000 
19.0399999999999459
0.0000000000000000 0.0000000000000000 0.0000000000000000 0.0000000000000000 0.0000000000000000 0.0000000000000000 
0.8942013031314435 -0.4477864097643054 0.0000000000000000 2.2399274070159847 4.4699006077070225 0.0000000000000000 
-0.8942013031314435 0.4477864097643054 0.0000000000000000 -2.2399274070159847 -4.4699006077070225 0.0000000000000000 
19.1199999999999442
0.0000000000000000 0.0000000000000000 0.0000000000000000 0.0000000000000000 0.0000000000000000 0.0000000000000000 
0.9518039334367707 -0.0293053321007549 0.0000000000000000 -1.1538250942619974 5.2887081579894968 0.0000000000000000 
-0.9518039334367707 0.0293053321007549 0.0000000000000000 1.1538250942619974 -5.2887081579894968 0.0000000000000000 
19.1999999999999424
0.0000000000000000 0.0000000000000000 0.0000000000000000 0.0000000000000000 0.0000000000000000 0.0000000000000000 
0.7095892880495239 0.3984068955140141 0.0000000000000000 -5.2660327177070965 4.0896562309161606 0.0000000000000000 
-0.7095892880495239 -0.3984068955140141 0.0000000000000000 5.2660327177070965 -4.0896562309161606 0.0000000000000000 
19.2799999999999407
0.0000000000000000 0.0000000000000000 0.0000000000000000 0.0000000000000000 0.0000000000000000 0.0000000000000000 
0.1092386986036353 0.6250396648458307 0.0000000000000000 -8.2313287225928438 -1.3265165903437546 0.0000000000000000 
-0.1092386986036353 -0.6250396648458307 0.0000000000000000 8.2313287225928438 1.3265165903437546 0.0000000000000000 
19.3599999999999390
0.0000000000000000 0.0000000000000000 0.0000000000000000 0.0000000000000000 0.0000000000000000 0.0000000000000000 
-0.6074233075653311 0.1861642410590133 0.0000000000000000 -4.9312805902494112 -6.7201436636149294 0.0000000000000000 
0.6074233075653311 -0.1861642410590133 0.0000000000000000 4.9312805902494112 6.7201436636149294 0.0000000000000000 
19.4399999999999373
0.0000000000000000 0.0000000000000000 0.0000000000000000 0.0000000000000000 0.0000000000000000 0.0000000000000000 
-0.6797661958362705 -0.4501833213325580 0.0000000000000000 1.2278935970242220 -6.5422829341749527 0.0000000000000000 
0.6797661958362705 0.4501833213325580 0.0000000000000000 -1.2278935970242220 6.5422829341749527 0.0000000000000000 
19.5199999999999356
0.0000000000000000 0.0000000000000000 0.0000000000000000 0.0000000000000000 0.0000000000000000 0.0000000000000000 
-0.4109603320414557 -0.8606010284089791 0.0000000000000000 4.1655048454703572 -3.4435495005461441 0.0000000000000000 
0.4109603320414557 0.8606010284089791 0.0000000000000000 -4.1655048454703572 3.4435495005461441 0.0000000000000000 
19.5999999999999339
0.0000000000000000 0.0000000000000000 0.0000000000000000 0.0000000000000000 0.0000000000000000 0.0000000000000000 
-0.0132854205610134 -1.0011512414199411 0.0000000000000000 4.9934378407034812 -0.0612330503706437 0.0000000000000000 
0.0132854205610134 1.0011512414199411 0.0000000000000000 -4.9934378407034812 0.0612330503706437 0.0000000000000000 
19.6799999999999322
0.0000000000000000 0.0000000000000000 0.0000000000000000 0.0000000000000000 0.0000000000000000 0.0000000000000000 
0.3879897224711014 -0.8703983164682821 0.0000000000000000 4.2537766700241022 3.3442121598352825 0.0000000000000000 
-0.3879897224711014 0.8703983164682821 0.0000000000000000 -4.2537766700241022 -3.3442121598352825 0.0000000000000000 
19.7599999999999305
0.0000000000000000 0.0000000000000000 0.0000000000000000 0.0000000000000000 0.0000000000000000 0.0000000000000000 
0.6673188466428430 -0.4660772958462958 0.0000000000000000 1.3880210871441987 6.5232308468818374 0.0000000000000000 
-0.6673188466428430 0.4660772958462958 0.0000000000000000 -1.3880210871441987 -6.5232308468818374 0.0000000000000000 
19.8399999999999288
0.0000000000000000 0.0000000000000000 0.0000000000000000 0.0000000000000000 0.0000000000000000 0.0000000000000000 
0.6100730964141732 0.1733186190328119 0.0000000000000000 -4.7811423415234033 6.8374413434812125 0.0000000000000000 
-0.6100730964141732 -0.1733186190328119 0.0000000000000000 4.7811423415234033 -6.8374413434812125 0.0000000000000000 
19.9199999999999271
0.0000000000000000 0.0000000000000000 0.0000000000000000 0.0000000000000000 0.0000000000000000 0.0000000000000000 
-0.0976639280009015 0.6279133191106981 0.0000000000000000 -8.1997012261227695 1.5225848033618756 0.0000000000000000 
0.0976639280009015 -0.6279133191106981 0.0000000000000000 8.1997012261227695 -1.5225848033618756 0.0000000000000000 
19.9999999999999254
0.0000000000000000 0.0000000000000000 0.0000000000000000 0.0000000000000000 0.0000000000000000 0.0000000000000000 
-0.7018790997654699 0.4169321875707119 0.0000000000000000 -5.3596649108611265 -3.9399708368474511 0.0000000000000000 
0.7018790997654699 -0.4169321875707119 0.0000000000000000 5.3596649108611265 3.9399708368474511 0.0000000000000000 
20.0799999999999237
0.0000000000000000 0.0000000000000000 0.0000000000000000 0.0000000000000000 0.0000000000000000 0.0000000000000000 
-0.9552103137386818 -0.0024820147848941 0.0000000000000000 -1.3034957682048678 -5.2378363422251342 0.0000000000000000 
0.9552103137386818 0.0024820147848941 0.0000000000000000 1.3034957682048678 5.2378363422251342 0.0000000000000000 
